0.000000000000000000e+00	2.480507138440779968e+00	1.245019175828410170e+02
1.000000000000000000e+00	3.665293576203623616e+00	1.351858067917736719e+02
2.000000000000000000e+00	2.075237790754989042e+00	1.208473747281581296e+02
3.000000000000000000e+00	2.333069779400698263e+00	1.231723915526340818e+02
4.000000000000000000e+00	2.853753185439575013e+00	1.278676882286773662e+02
5.000000000000000000e+00	2.732325487522470286e+00	1.267727060191479183e+02
6.000000000000000000e+00	1.676050693007064218e+00	1.172476789601788170e+02
7.000000000000000000e+00	2.099690977866915276e+00	1.210678829426194909e+02
8.000000000000000000e+00	1.684402065067417631e+00	1.173229880040634328e+02
9.000000000000000000e+00	2.188562992204539093e+00	1.218692921457419658e+02
1.000000000000000000e+01	2.265365587130573566e+00	1.225618645697626903e+02
1.100000000000000000e+01	1.625525328209506570e+00	1.167920631778465150e+02
1.200000000000000000e+01	2.983902286120895475e+00	1.290413162581702124e+02
1.300000000000000000e+01	2.108194712446262997e+00	1.211445659254864040e+02
1.400000000000000000e+01	2.584214789671698931e+00	1.254371081121670670e+02
1.500000000000000000e+01	1.665848984400540189e+00	1.171556843854437062e+02
1.600000000000000000e+01	2.549345154347439912e+00	1.251226688945273793e+02
1.700000000000000000e+01	1.559447234667153293e+00	1.161961996466289975e+02
1.800000000000000000e+01	1.441876959824502258e+00	1.151360020020184862e+02
1.900000000000000000e+01	1.444167001593196664e+00	1.151566526034777382e+02
2.000000000000000000e+01	1.465846288940710007e+00	1.153521469953504095e+02
2.100000000000000000e+01	2.735846924275417980e+00	1.268044608054331093e+02
2.200000000000000000e+01	1.813863328044067691e+00	1.184904134120574213e+02
2.300000000000000000e+01	1.716907351559339823e+00	1.176161065514364736e+02
2.400000000000000000e+01	1.800014056068257373e+00	1.183655266960233234e+02
2.500000000000000000e+01	2.842082718029239174e+00	1.277624490253455747e+02
2.600000000000000000e+01	1.298522337128265924e+00	1.138432923138767876e+02
2.700000000000000000e+01	2.453809364172022889e+00	1.242611686568564409e+02
2.800000000000000000e+01	2.587811069610710835e+00	1.254695378017786993e+02
2.900000000000000000e+01	2.150870784451543116e+00	1.215294001965789903e+02
3.000000000000000000e+01	2.070874948869907417e+00	1.208080325160508437e+02
3.100000000000000000e+01	1.756791163333256911e+00	1.179757614332285414e+02
3.200000000000000000e+01	1.684564818720337698e+00	1.173244556457756715e+02
3.300000000000000000e+01	1.475044183227329997e+00	1.154350896087882177e+02
3.400000000000000000e+01	2.611029409997875916e+00	1.256789107051182697e+02
3.500000000000000000e+01	1.480494392326011432e+00	1.154842372258775782e+02
3.600000000000000000e+01	1.766321863391915103e+00	1.180617051444872061e+02
3.700000000000000000e+01	1.988019546460338516e+00	1.200608785045845508e+02
3.800000000000000000e+01	1.996034010240420820e+00	1.201331494560119495e+02
3.900000000000000000e+01	1.181988159447543429e+00	1.127924377432034078e+02
4.000000000000000000e+01	3.191280147581331050e+00	1.309113596901428593e+02
4.100000000000000000e+01	1.988041331554279978e+00	1.200610749530943053e+02
4.200000000000000000e+01	2.986510779590492604e+00	1.290648385186748328e+02
4.300000000000000000e+01	2.222536036668715020e+00	1.221756462966476562e+02
4.400000000000000000e+01	1.570116694171953764e+00	1.162924121956886694e+02
4.500000000000000000e+01	1.967172211155463035e+00	1.198728862946810239e+02
4.600000000000000000e+01	3.268083213515237340e+00	1.316039363615078912e+02
4.700000000000000000e+01	1.315814269449812945e+00	1.139992234447906441e+02
4.800000000000000000e+01	1.814322421066859592e+00	1.184945533134234097e+02
4.900000000000000000e+01	1.747729418105783861e+00	1.178940465528382049e+02
5.000000000000000000e+01	1.713211254192144484e+00	1.175827767516363451e+02
5.100000000000000000e+01	1.918180380904856319e+00	1.194310992604466861e+02
5.200000000000000000e+01	3.511467787547513097e+00	1.337986726795856498e+02
5.300000000000000000e+01	1.358445599729274811e+00	1.143836542544437549e+02
5.400000000000000000e+01	2.358613816642471495e+00	1.234027365795026014e+02
5.500000000000000000e+01	1.347123117105750945e+00	1.142815530266915118e+02
5.600000000000000000e+01	1.832797423505341250e+00	1.186611528565108529e+02
5.700000000000000000e+01	1.741335490658961760e+00	1.178363888938082766e+02
5.800000000000000000e+01	1.925492560723627289e+00	1.194970373203109233e+02
5.900000000000000000e+01	1.627450804954300612e+00	1.168094262903536134e+02
6.000000000000000000e+01	1.572736617270055426e+00	1.163160375236160320e+02
6.100000000000000000e+01	2.399550314462830514e+00	1.237718841265831315e+02
6.200000000000000000e+01	1.535453552608047723e+00	1.159798350490413696e+02
6.300000000000000000e+01	1.862747745331699623e+00	1.189312318428713979e+02
6.400000000000000000e+01	3.271426169416803198e+00	1.316340816850398596e+02
6.500000000000000000e+01	1.454299757960215711e+00	1.152480253968823831e+02
6.600000000000000000e+01	1.693250172894860794e+00	1.174027763952232704e+02
6.700000000000000000e+01	1.702256331761154318e+00	1.174839900219653401e+02
6.800000000000000000e+01	1.398417020453615711e+00	1.147440991556774748e+02
6.900000000000000000e+01	1.709223642330069293e+00	1.175468182008083318e+02
7.000000000000000000e+01	2.900501252196240554e+00	1.282892419788224743e+02
7.100000000000000000e+01	1.417685652507329142e+00	1.149178553057379730e+02
7.200000000000000000e+01	1.968174277246518056e+00	1.198819224912103181e+02
7.300000000000000000e+01	1.712700473895281572e+00	1.175781707568951333e+02
7.400000000000000000e+01	1.354775862409900888e+00	1.143505621580992795e+02
7.500000000000000000e+01	1.533701799616603800e+00	1.159640385018447830e+02
7.600000000000000000e+01	1.566095641579130948e+00	1.162561520908835035e+02
7.700000000000000000e+01	1.438266038152407500e+00	1.151034402796209548e+02
7.800000000000000000e+01	1.701603783535496461e+00	1.174781056256520344e+02
7.900000000000000000e+01	2.333987487533342176e+00	1.231806670457548591e+02
8.000000000000000000e+01	1.572556322587276068e+00	1.163144117045195429e+02
8.100000000000000000e+01	1.175057237793290854e+00	1.127299377037788730e+02
8.200000000000000000e+01	1.689040367528953812e+00	1.173648141999389907e+02
8.300000000000000000e+01	1.820531031009478218e+00	1.185505398597360625e+02
8.400000000000000000e+01	2.281712280773170232e+00	1.227092719490534591e+02
8.500000000000000000e+01	3.034453053588432869e+00	1.294971611107408478e+02
8.600000000000000000e+01	1.310758027684934879e+00	1.139536284539064326e+02
8.700000000000000000e+01	3.396721829218895206e+00	1.327639434939016780e+02
8.800000000000000000e+01	1.925822377319515333e+00	1.195000114630402948e+02
8.900000000000000000e+01	2.095780344450020927e+00	1.210326185499566662e+02
9.000000000000000000e+01	2.244344917982647125e+00	1.223723093105902961e+02
9.100000000000000000e+01	1.921401278183171968e+00	1.194601439123586886e+02
9.200000000000000000e+01	2.174021120245445360e+00	1.217381598640500897e+02
9.300000000000000000e+01	2.070154619171790777e+00	1.208015368958755147e+02
9.400000000000000000e+01	1.869856478093400609e+00	1.189953353055893928e+02
9.500000000000000000e+01	1.791933940244130330e+00	1.182926637229939217e+02
9.600000000000000000e+01	1.719037007205282519e+00	1.176353108605416509e+02
9.700000000000000000e+01	1.518117199219700009e+00	1.158235033482516911e+02
9.800000000000000000e+01	1.947267260003943123e+00	1.196933920955293047e+02
9.900000000000000000e+01	1.883369019439931291e+00	1.191171855311456937e+02
1.000000000000000000e+02	1.980103895493835697e+00	1.199894986041677498e+02
1.010000000000000000e+02	1.415643427856222658e+00	1.148994394113482969e+02
1.020000000000000000e+02	1.918420504399510396e+00	1.194332645897681289e+02
1.030000000000000000e+02	1.889353133143714558e+00	1.191711476679385555e+02
1.040000000000000000e+02	1.393469473462433106e+00	1.146994843270256581e+02
1.050000000000000000e+02	2.108457616097722642e+00	1.211469366763620883e+02
1.060000000000000000e+02	1.618649032968808577e+00	1.167300557356797697e+02
1.070000000000000000e+02	1.443139496128595489e+00	1.151473870057332931e+02
1.080000000000000000e+02	1.483531398603802343e+00	1.155116236286625622e+02
1.090000000000000000e+02	1.558288942262235466e+00	1.161857546690944361e+02
1.100000000000000000e+02	1.219597751752159676e+00	1.131315847021560899e+02
1.110000000000000000e+02	1.750130174610443845e+00	1.179156955316717585e+02
1.120000000000000000e+02	1.106112966349333870e+00	1.121082282258339120e+02
1.130000000000000000e+02	1.178695368553243306e+00	1.127627447859061220e+02
1.140000000000000000e+02	1.667219983849090204e+00	1.171680474626591035e+02
1.150000000000000000e+02	1.599694610062571520e+00	1.165591329871615898e+02
1.160000000000000000e+02	1.797300344555537110e+00	1.183410556249316841e+02
1.170000000000000000e+02	1.511336443276209307e+00	1.157623574379475002e+02
1.180000000000000000e+02	1.804364380362383002e+00	1.184047560299352995e+02
1.190000000000000000e+02	1.654468681579314815e+00	1.170530617602761936e+02
1.200000000000000000e+02	1.707909549323545439e+00	1.175349682811566083e+02
1.210000000000000000e+02	1.347148427396168469e+00	1.142817812638910908e+02
1.220000000000000000e+02	3.014798617198429564e+00	1.293199259448392695e+02
1.230000000000000000e+02	2.550661159021009539e+00	1.251345360527617459e+02
1.240000000000000000e+02	2.153948481508455082e+00	1.215571535311266018e+02
1.250000000000000000e+02	1.751792732050477586e+00	1.179306877521485148e+02
1.260000000000000000e+02	2.374053043390972562e+00	1.235419608167111676e+02
1.270000000000000000e+02	2.716342888607165218e+00	1.266285818878788660e+02
1.280000000000000000e+02	2.014125845413456517e+00	1.202962937632171929e+02
1.290000000000000000e+02	2.509871905043591589e+00	1.247667162866673323e+02
1.300000000000000000e+02	2.439833315569867267e+00	1.241351387243008020e+02
1.310000000000000000e+02	1.949691289556643392e+00	1.197152509405960501e+02
1.320000000000000000e+02	2.309231152475850202e+00	1.229574251748630189e+02
1.330000000000000000e+02	2.262530296106541883e+00	1.225362971474743006e+02
1.340000000000000000e+02	2.192144125226114681e+00	1.219015852470347312e+02
1.350000000000000000e+02	1.544915694555810903e+00	1.160651605330501042e+02
1.360000000000000000e+02	2.363282533176365607e+00	1.234448370362652838e+02
1.370000000000000000e+02	1.657619443228008693e+00	1.170814739595599434e+02
1.380000000000000000e+02	3.247527428437642527e+00	1.314185732248515137e+02
1.390000000000000000e+02	2.003233659403008904e+00	1.201980727633225285e+02
1.400000000000000000e+02	1.941393324989669988e+00	1.196404235022767892e+02
1.410000000000000000e+02	2.565133011940481378e+00	1.252650369331833247e+02
1.420000000000000000e+02	2.535442431662939367e+00	1.249973001832310331e+02
1.430000000000000000e+02	2.936708827671208777e+00	1.286157461592966342e+02
1.440000000000000000e+02	2.003934205520941259e+00	1.202043899837693317e+02
1.450000000000000000e+02	1.682449674225427128e+00	1.173053821919242097e+02
1.460000000000000000e+02	2.846095871558027568e+00	1.277986378998240582e+02
1.470000000000000000e+02	2.586375097048686289e+00	1.254565888252621306e+02
1.480000000000000000e+02	1.374507718967240999e+00	1.145284954654244700e+02
1.490000000000000000e+02	1.852573830405814803e+00	1.188394878994696455e+02
1.500000000000000000e+02	1.558929736034946112e+00	1.161915330688593286e+02
1.510000000000000000e+02	1.508993521633988921e+00	1.157412299887694473e+02
1.520000000000000000e+02	2.975329742036536995e+00	1.289640127810904744e+02
1.530000000000000000e+02	2.415301202747806464e+00	1.239139187920851413e+02
1.540000000000000000e+02	2.492614624662527145e+00	1.246110976318936423e+02
1.550000000000000000e+02	2.794955792638023517e+00	1.273374788926792007e+02
1.560000000000000000e+02	1.619524873582257607e+00	1.167379536857073248e+02
1.570000000000000000e+02	2.300032510591029755e+00	1.228744758199095344e+02
1.580000000000000000e+02	1.489471628423207683e+00	1.155651900396572387e+02
1.590000000000000000e+02	2.473169660064486131e+00	1.244357513915793305e+02
1.600000000000000000e+02	1.349847516978796458e+00	1.143061204807715967e+02
1.610000000000000000e+02	1.835432194478563206e+00	1.186849120761234389e+02
1.620000000000000000e+02	2.334241605213046800e+00	1.231829585685554775e+02
1.630000000000000000e+02	1.420336272209674178e+00	1.149417574423022188e+02
1.640000000000000000e+02	2.126837667605138371e+00	1.213126799932171451e+02
1.650000000000000000e+02	1.839580693154833302e+00	1.187223214343233622e+02
1.660000000000000000e+02	1.914060818716039059e+00	1.193939508389153445e+02
1.670000000000000000e+02	1.198521129282906550e+00	1.129415248802482665e+02
1.680000000000000000e+02	2.264147008454270527e+00	1.225508759568321011e+02
1.690000000000000000e+02	1.351791515729469317e+00	1.143236506166783784e+02
1.700000000000000000e+02	2.746604002713104009e+00	1.269014634639519272e+02
1.710000000000000000e+02	1.697498673638134115e+00	1.174410875286043279e+02
1.720000000000000000e+02	1.647399912929732313e+00	1.169893186765536086e+02
1.730000000000000000e+02	1.907944748690293402e+00	1.193387987773568710e+02
1.740000000000000000e+02	1.317478544265353824e+00	1.140142311518133766e+02
1.750000000000000000e+02	1.958486079075286934e+00	1.197945585304182998e+02
1.760000000000000000e+02	1.375491741861246675e+00	1.145373689562440092e+02
1.770000000000000000e+02	1.896258832971103203e+00	1.192334202678893718e+02
1.780000000000000000e+02	1.975835551636164089e+00	1.199510085342045045e+02
1.790000000000000000e+02	1.849322665646907726e+00	1.188101703085713865e+02
1.800000000000000000e+02	1.188982148989203846e+00	1.128555065014284082e+02
1.810000000000000000e+02	1.376099424190411202e+00	1.145428487714006280e+02
1.820000000000000000e+02	1.992714219908432227e+00	1.201032130295190683e+02
1.830000000000000000e+02	1.962761318277688183e+00	1.198331107796037287e+02
1.840000000000000000e+02	1.520594309367523600e+00	1.158458408510573747e+02
1.850000000000000000e+02	2.047948383782185466e+00	1.206012907155613618e+02
1.860000000000000000e+02	1.843650775782179174e+00	1.187590236706722777e+02
1.870000000000000000e+02	2.228563220794586908e+00	1.222299968237892642e+02
1.880000000000000000e+02	1.796200902678054989e+00	1.183311413358781579e+02
1.890000000000000000e+02	2.888948389107958370e+00	1.281850632801582606e+02
1.900000000000000000e+02	1.804678983946646165e+00	1.184075929883371288e+02
1.910000000000000000e+02	1.312149145833760411e+00	1.139661729528176863e+02
1.920000000000000000e+02	1.514836190548640271e+00	1.157939166379232461e+02
1.930000000000000000e+02	1.625131486779272993e+00	1.167885116869850464e+02
1.940000000000000000e+02	2.607849933964134781e+00	1.256502395719889194e+02
1.950000000000000000e+02	2.450991183168547138e+00	1.242357555252977193e+02
1.960000000000000000e+02	2.106515292162818298e+00	1.211294216432160624e+02
1.970000000000000000e+02	1.647285238199519330e+00	1.169882845896721051e+02
1.980000000000000000e+02	1.615450546571158608e+00	1.167012131753502473e+02
1.990000000000000000e+02	2.354106345798523847e+00	1.233620901662974063e+02
2.000000000000000000e+02	1.744410848707741435e+00	1.178641211361970420e+02
2.010000000000000000e+02	2.239966318832877334e+00	1.223328250063178757e+02
2.020000000000000000e+02	1.824983064708976865e+00	1.185906863648646095e+02
2.030000000000000000e+02	1.831310221344518041e+00	1.186477419137357856e+02
2.040000000000000000e+02	1.339429330092263726e+00	1.142121737989849208e+02
2.050000000000000000e+02	3.123845649879822162e+00	1.303032646956868632e+02
2.060000000000000000e+02	2.216588571839715804e+00	1.221220146434806537e+02
2.070000000000000000e+02	1.969690098127824474e+00	1.198955915051695342e+02
2.080000000000000000e+02	2.879816119345850467e+00	1.281027124401632591e+02
2.090000000000000000e+02	1.480153717787221490e+00	1.154811651709377855e+02
2.100000000000000000e+02	2.010457490693228433e+00	1.202632141345509638e+02
2.110000000000000000e+02	2.161764079266199623e+00	1.216276311951881439e+02
2.120000000000000000e+02	1.548907152892350814e+00	1.161011537697132354e+02
2.130000000000000000e+02	1.466136841322061235e+00	1.153547670704566173e+02
2.140000000000000000e+02	2.572292285388747324e+00	1.253295961498486975e+02
2.150000000000000000e+02	2.435462509405290188e+00	1.240957246937821594e+02
2.160000000000000000e+02	1.724284645786587244e+00	1.176826317847388026e+02
2.170000000000000000e+02	1.884464660195841246e+00	1.191270655433367835e+02
2.180000000000000000e+02	2.390743146493401028e+00	1.236924649132711522e+02
2.190000000000000000e+02	2.826549031604994155e+00	1.276223729918316110e+02
2.200000000000000000e+02	3.293839784924966541e+00	1.318361979291395301e+02
2.210000000000000000e+02	2.574223283690460384e+00	1.253470090533565156e+02
2.220000000000000000e+02	2.508537095072157275e+00	1.247546795504292731e+02
2.230000000000000000e+02	2.988357936240829904e+00	1.290814953746066180e+02
2.240000000000000000e+02	2.888333953447407509e+00	1.281795225663940414e+02
2.250000000000000000e+02	1.579619792266891087e+00	1.163781070044338151e+02
2.260000000000000000e+02	1.765504263633326465e+00	1.180543323851783555e+02
2.270000000000000000e+02	1.944341406007215944e+00	1.196670080157101950e+02
2.280000000000000000e+02	1.238153944974460297e+00	1.132989163884479638e+02
2.290000000000000000e+02	1.623404869533348727e+00	1.167729418030180142e+02
2.300000000000000000e+02	1.425715637368529576e+00	1.149902662195297154e+02
2.310000000000000000e+02	2.647060177083995658e+00	1.260038205043795045e+02
2.320000000000000000e+02	1.829848829838219171e+00	1.186345637202263674e+02
2.330000000000000000e+02	2.377292858305661838e+00	1.235711760596467172e+02
2.340000000000000000e+02	2.310282795792240940e+00	1.229669084372650047e+02
2.350000000000000000e+02	2.404790841765613862e+00	1.238191409243610082e+02
2.360000000000000000e+02	1.850309556241419795e+00	1.188190696590678499e+02
2.370000000000000000e+02	3.167130667085995555e+00	1.306935901699644944e+02
2.380000000000000000e+02	1.968728933544700244e+00	1.198869241406636945e+02
2.390000000000000000e+02	1.600067386807735303e+00	1.165624945258474270e+02
2.400000000000000000e+02	1.664247029610353978e+00	1.171412386533264538e+02
2.410000000000000000e+02	2.858547616234950350e+00	1.279109223220169298e+02
2.420000000000000000e+02	1.870383518492873431e+00	1.190000879268695826e+02
2.430000000000000000e+02	2.324986873086292594e+00	1.230995034161760344e+02
2.440000000000000000e+02	1.489080451516469727e+00	1.155616625763106953e+02
2.450000000000000000e+02	1.646043223663028909e+00	1.169770846423391504e+02
2.460000000000000000e+02	2.443211690442048223e+00	1.241656034407173621e+02
2.470000000000000000e+02	1.829993341528524553e+00	1.186358668638473688e+02
2.480000000000000000e+02	1.793447772292878994e+00	1.183063148025254350e+02
2.490000000000000000e+02	1.572374867636978202e+00	1.163127754226348003e+02
2.500000000000000000e+02	1.588195903663154329e+00	1.164554426499820039e+02
2.510000000000000000e+02	1.601542947027927877e+00	1.165758004866612652e+02
2.520000000000000000e+02	1.641433319174261163e+00	1.169355145270407661e+02
2.530000000000000000e+02	1.874941621841411443e+00	1.190411909219972131e+02
2.540000000000000000e+02	1.590240450398566097e+00	1.164738794839188216e+02
2.550000000000000000e+02	1.909301291873164885e+00	1.193510314942508046e+02
2.560000000000000000e+02	1.733054704206089980e+00	1.177617163602566990e+02
2.570000000000000000e+02	2.790199550365995762e+00	1.272945891668471461e+02
2.580000000000000000e+02	2.281025142466268640e+00	1.227030756344197329e+02
2.590000000000000000e+02	2.039715193684836780e+00	1.205270473852593653e+02
2.600000000000000000e+02	2.408389588500001288e+00	1.238515928584613022e+02
2.610000000000000000e+02	1.505170589105492951e+00	1.157067564446049772e+02
2.620000000000000000e+02	2.386854052906429935e+00	1.236573947574337495e+02
2.630000000000000000e+02	2.178861656040184780e+00	1.217818097122375036e+02
2.640000000000000000e+02	1.969389336666096391e+00	1.198928793690131727e+02
2.650000000000000000e+02	3.565932033222590114e+00	1.342898075779048384e+02
2.660000000000000000e+02	1.109698343696146727e+00	1.121405596006071477e+02
2.670000000000000000e+02	3.006953108612845149e+00	1.292491785579309749e+02
2.680000000000000000e+02	2.301761282787103902e+00	1.228900651362805263e+02
2.690000000000000000e+02	1.258698088434737850e+00	1.134841745460586111e+02
2.700000000000000000e+02	2.031448207969639430e+00	1.204524993007625824e+02
2.710000000000000000e+02	1.768168749044093380e+00	1.180783595566753661e+02
2.720000000000000000e+02	2.601895540311094823e+00	1.255965454376978698e+02
2.730000000000000000e+02	1.969427246031870027e+00	1.198932212191989777e+02
2.740000000000000000e+02	1.894194328367541091e+00	1.192148034625709130e+02
2.750000000000000000e+02	3.456652388407866372e+00	1.333043712319279166e+02
2.760000000000000000e+02	3.275065216660487444e+00	1.316668970316191292e+02
2.770000000000000000e+02	1.796826053819036595e+00	1.183367786771881214e+02
2.780000000000000000e+02	3.037928047783188479e+00	1.295284970982193613e+02
2.790000000000000000e+02	2.496624157395046950e+00	1.246472538556049017e+02
2.800000000000000000e+02	1.757860442522394928e+00	1.179854037282667463e+02
2.810000000000000000e+02	1.506103008703234103e+00	1.157151645993246660e+02
2.820000000000000000e+02	1.859647284386076294e+00	1.189032732334681555e+02
2.830000000000000000e+02	1.996792259875670661e+00	1.201399870217010175e+02
2.840000000000000000e+02	2.706607516105757227e+00	1.265407925294784377e+02
2.850000000000000000e+02	1.647953018300883699e+00	1.169943063404210335e+02
2.860000000000000000e+02	2.308259505102062903e+00	1.229486632811066329e+02
2.870000000000000000e+02	2.069858861832908126e+00	1.207988698847242830e+02
2.880000000000000000e+02	2.326175134292437718e+00	1.231102186393361677e+02
2.890000000000000000e+02	1.260303661446590784e+00	1.134986529057264306e+02
2.900000000000000000e+02	2.274128299735332259e+00	1.226408829039155819e+02
2.910000000000000000e+02	2.368129997241692486e+00	1.234885493605859637e+02
2.920000000000000000e+02	1.372740464675513694e+00	1.145125591342385007e+02
2.930000000000000000e+02	2.994783099717055030e+00	1.291394347065750594e+02
2.940000000000000000e+02	3.425150275903098507e+00	1.330202988716097252e+02
2.950000000000000000e+02	2.418472028358147341e+00	1.239425119194555975e+02
2.960000000000000000e+02	2.270664074284582945e+00	1.226096440242906169e+02
2.970000000000000000e+02	2.125979117002788854e+00	1.213049379569957580e+02
2.980000000000000000e+02	1.997983156839740593e+00	1.201507260129806696e+02
2.990000000000000000e+02	2.559591264093389107e+00	1.252150638594418979e+02
3.000000000000000000e+02	1.624336084827393112e+00	1.167813390978503350e+02
3.010000000000000000e+02	1.413064641546568634e+00	1.148761850371018340e+02
3.020000000000000000e+02	2.483767185614955686e+00	1.245313152715000484e+02
3.030000000000000000e+02	1.788564510330820312e+00	1.182622796683291426e+02
3.040000000000000000e+02	1.909656959612495486e+00	1.193542387513573146e+02
3.050000000000000000e+02	1.436394522021643194e+00	1.150865637604808711e+02
3.060000000000000000e+02	2.398758513010240456e+00	1.237647440051863157e+02
3.070000000000000000e+02	1.645550256717140281e+00	1.169726392806556703e+02
3.080000000000000000e+02	2.685812259248637979e+00	1.263532699403844219e+02
3.090000000000000000e+02	2.218083596403156221e+00	1.221354961252830549e+02
3.100000000000000000e+02	1.682140774540709760e+00	1.173025966688096560e+02
3.110000000000000000e+02	1.773121482966279361e+00	1.181230211588168260e+02
3.120000000000000000e+02	1.695544437519424408e+00	1.174234650765615697e+02
3.130000000000000000e+02	2.645082529068653265e+00	1.259859869340272951e+02
3.140000000000000000e+02	2.444510474886254059e+00	1.241773153144069113e+02
3.150000000000000000e+02	3.390167784286189701e+00	1.327048419649682387e+02
3.160000000000000000e+02	2.222950897196719566e+00	1.221793873285982954e+02
3.170000000000000000e+02	2.193495615919208941e+00	1.219137724027715848e+02
3.180000000000000000e+02	1.970066138128776512e+00	1.198989824704779039e+02
3.190000000000000000e+02	1.913256982130900674e+00	1.193867021899234402e+02
3.200000000000000000e+02	1.980102154635609457e+00	1.199894829058648043e+02
3.210000000000000000e+02	2.120197480508529964e+00	1.212528016716854466e+02
3.220000000000000000e+02	2.402436245676502935e+00	1.237979082000943833e+02
3.230000000000000000e+02	1.910255972222150378e+00	1.193596403867510958e+02
3.240000000000000000e+02	1.690471905607247027e+00	1.173777231882084209e+02
3.250000000000000000e+02	2.191477465906436883e+00	1.218955736030079890e+02
3.260000000000000000e+02	2.557430398294235019e+00	1.251955781107384098e+02
3.270000000000000000e+02	3.116210770706993038e+00	1.302344166732870576e+02
3.280000000000000000e+02	2.305185796089494588e+00	1.229209459090097738e+02
3.290000000000000000e+02	2.251347533973611093e+00	1.224354558583862342e+02
3.300000000000000000e+02	1.797107767920562926e+00	1.183393190525278129e+02
3.310000000000000000e+02	2.135973917613230189e+00	1.213950667253406692e+02
3.320000000000000000e+02	3.003246290449945732e+00	1.292157520826542623e+02
3.330000000000000000e+02	3.542216350076691889e+00	1.340759498537032073e+02
3.340000000000000000e+02	1.223313913342456205e+00	1.131650954324005909e+02
3.350000000000000000e+02	1.403341271213031316e+00	1.147885039090353416e+02
3.360000000000000000e+02	2.786548777777393404e+00	1.272616680862030307e+02
3.370000000000000000e+02	2.555827674097884028e+00	1.251811254404507565e+02
3.380000000000000000e+02	2.068161524399827034e+00	1.207835640333849767e+02
3.390000000000000000e+02	2.633245607858420989e+00	1.258792467226658403e+02
3.400000000000000000e+02	1.427796993202339770e+00	1.150090349819193278e+02
3.410000000000000000e+02	1.736551972379641207e+00	1.177932532047961161e+02
3.420000000000000000e+02	1.670667593876997703e+00	1.171991365116216457e+02
3.430000000000000000e+02	1.963943425536230469e+00	1.198437705091387784e+02
3.440000000000000000e+02	1.651266758890198805e+00	1.170241882129635940e+02
3.450000000000000000e+02	2.158244702888566735e+00	1.215958949884721392e+02
3.460000000000000000e+02	2.514109254445646702e+00	1.248049268620994638e+02
3.470000000000000000e+02	2.389132667657947184e+00	1.236779423150180719e+02
3.480000000000000000e+02	1.739388651813013276e+00	1.178188331471565675e+02
3.490000000000000000e+02	2.163219438767575831e+00	1.216407549946985682e+02
3.500000000000000000e+02	2.152790739673218212e+00	1.215467135183901490e+02
3.510000000000000000e+02	1.347890123508098892e+00	1.142884695571007398e+02
3.520000000000000000e+02	2.228736612196710709e+00	1.222315603921008460e+02
3.530000000000000000e+02	1.505046538081558305e+00	1.157056378063814748e+02
3.540000000000000000e+02	1.753550820810309885e+00	1.179465414325510153e+02
3.550000000000000000e+02	3.039769251000548067e+00	1.295451002686797892e+02
3.560000000000000000e+02	1.549147488315468557e+00	1.161033210101134614e+02
3.570000000000000000e+02	1.755410104890459788e+00	1.179633076483744816e+02
3.580000000000000000e+02	2.054705187160454027e+00	1.206622206320417376e+02
3.590000000000000000e+02	1.715886144684570791e+00	1.176068977516378879e+02
3.600000000000000000e+02	1.653292131597476899e+00	1.170424521438473846e+02
3.610000000000000000e+02	1.401633260084902854e+00	1.147731018069526954e+02
3.620000000000000000e+02	1.384660836055903843e+00	1.146200518629684950e+02
3.630000000000000000e+02	2.376272680726172482e+00	1.235619765415856506e+02
3.640000000000000000e+02	1.491826788963266592e+00	1.155864278538972059e+02
3.650000000000000000e+02	3.765130694214176010e+00	1.360860945345823723e+02
3.660000000000000000e+02	1.781545972239936049e+00	1.181989895419555978e+02
3.670000000000000000e+02	2.188024551246127825e+00	1.218644367191757425e+02
3.680000000000000000e+02	1.398552248169403267e+00	1.147453185804509275e+02
3.690000000000000000e+02	1.665669172780474439e+00	1.171540629223968324e+02
3.700000000000000000e+02	2.377296250205951367e+00	1.235712066463294718e+02
3.710000000000000000e+02	3.440997816445070079e+00	1.331632051051619783e+02
3.720000000000000000e+02	1.835686009038056454e+00	1.186872008655177240e+02
3.730000000000000000e+02	1.650722469969833739e+00	1.170192800520178906e+02
3.740000000000000000e+02	1.778802481926859302e+00	1.181742499385836709e+02
3.750000000000000000e+02	2.180927739519621156e+00	1.218004407551724597e+02
3.760000000000000000e+02	2.000076247757765824e+00	1.201696005972598584e+02
3.770000000000000000e+02	1.645328043338877722e+00	1.169706354569804319e+02
3.780000000000000000e+02	1.961378342306544065e+00	1.198206397033123523e+02
3.790000000000000000e+02	2.084943020963725857e+00	1.209348922764625485e+02
3.800000000000000000e+02	2.493592401994533692e+00	1.246199148029492818e+02
3.810000000000000000e+02	2.309115008164570160e+00	1.229563778359381132e+02
3.820000000000000000e+02	2.876167751082096213e+00	1.280698130406757400e+02
3.830000000000000000e+02	1.179225631088017812e+00	1.127675264630021985e+02
3.840000000000000000e+02	1.945177556078464987e+00	1.196745480536769719e+02
3.850000000000000000e+02	2.673076279968214841e+00	1.262384224140604090e+02
3.860000000000000000e+02	2.787384428050027285e+00	1.272692036172031180e+02
3.870000000000000000e+02	2.027872606560390700e+00	1.204202560811458369e+02
3.880000000000000000e+02	2.647308591535439959e+00	1.260060605979461883e+02
3.890000000000000000e+02	3.342545839832681054e+00	1.322754079655244652e+02
3.900000000000000000e+02	2.857065696844829361e+00	1.278975590169722523e+02
3.910000000000000000e+02	2.961314385695769325e+00	1.288376283884304598e+02
3.920000000000000000e+02	1.750903199827359202e+00	1.179226663371350838e+02
3.930000000000000000e+02	1.936459835679321895e+00	1.195959354396815257e+02
3.940000000000000000e+02	2.579922956567237247e+00	1.253984062263842816e+02
3.950000000000000000e+02	2.240552665137594435e+00	1.223381124224782894e+02
3.960000000000000000e+02	1.487386786671559324e+00	1.155463898427754827e+02
3.970000000000000000e+02	2.303514196237213429e+00	1.229058721479890437e+02
3.980000000000000000e+02	2.332956948614862913e+00	1.231713740936416457e+02
3.990000000000000000e+02	1.690238743058376958e+00	1.173756206296709479e+02
4.000000000000000000e+02	1.420875152790057605e+00	1.149466168331883296e+02
4.010000000000000000e+02	2.654103590533840595e+00	1.260673349459297867e+02
4.020000000000000000e+02	2.960032757050376162e+00	1.288260712182789973e+02
4.030000000000000000e+02	1.070865432609083623e+00	1.117903812845066369e+02
4.040000000000000000e+02	1.822380473739651396e+00	1.185672173305423200e+02
4.050000000000000000e+02	1.856351104480153058e+00	1.188735497155368677e+02
4.060000000000000000e+02	2.332713554571592240e+00	1.231691792719340839e+02
4.070000000000000000e+02	2.037641012207332736e+00	1.205083433180970900e+02
4.080000000000000000e+02	1.859600225610983149e+00	1.189028488778852619e+02
4.090000000000000000e+02	1.683092133879761310e+00	1.173111756138856236e+02
4.100000000000000000e+02	2.253744299653222427e+00	1.224570688496938260e+02
4.110000000000000000e+02	2.425942174056908485e+00	1.240098744469764540e+02
4.120000000000000000e+02	1.817202749927320005e+00	1.185205268673480816e+02
4.130000000000000000e+02	1.610971382352613723e+00	1.166608220189913823e+02
4.140000000000000000e+02	2.128172240604559118e+00	1.213247145925445665e+02
4.150000000000000000e+02	1.990807676061595588e+00	1.200860206456578538e+02
4.160000000000000000e+02	1.657048750777714297e+00	1.170763277030558385e+02
4.170000000000000000e+02	1.582025613558997623e+00	1.163998016553194930e+02
4.180000000000000000e+02	1.878431836235902708e+00	1.190726641586225298e+02
4.190000000000000000e+02	1.681027028071822027e+00	1.172925533871673451e+02
4.200000000000000000e+02	1.382649071324995926e+00	1.146019106429018279e+02
4.210000000000000000e+02	1.507985256988305656e+00	1.157321378963683003e+02
4.220000000000000000e+02	2.987002534809189314e+00	1.290692729535290937e+02
4.230000000000000000e+02	1.693571386359824515e+00	1.174056729586567371e+02
4.240000000000000000e+02	2.348365103213597038e+00	1.233103181357069928e+02
4.250000000000000000e+02	2.092842175921830083e+00	1.210061234230444853e+02
4.260000000000000000e+02	1.726799496865177419e+00	1.177053096188566172e+02
4.270000000000000000e+02	2.486768099342432148e+00	1.245583762073514578e+02
4.280000000000000000e+02	2.871388152756097156e+00	1.280267127000990968e+02
4.290000000000000000e+02	2.125558642694412637e+00	1.213011463024133718e+02
4.300000000000000000e+02	1.983425064694812612e+00	1.200194474647019263e+02
4.310000000000000000e+02	1.514909272725921685e+00	1.157945756612377863e+02
4.320000000000000000e+02	1.647530076824772927e+00	1.169904924379922022e+02
4.330000000000000000e+02	3.105610733807762536e+00	1.301388301471145894e+02
4.340000000000000000e+02	2.013743417735706309e+00	1.202928451966154029e+02
4.350000000000000000e+02	1.567848568621705185e+00	1.162719592251629734e+02
4.360000000000000000e+02	1.739628827344209983e+00	1.178209989457209446e+02
4.370000000000000000e+02	2.102135362668264396e+00	1.210899253424725117e+02
4.380000000000000000e+02	2.297168927842890174e+00	1.228486532751482088e+02
4.390000000000000000e+02	1.731717113796436003e+00	1.177496545512350963e+02
4.400000000000000000e+02	3.095698518388820375e+00	1.300494460961365917e+02
4.410000000000000000e+02	2.975232740209573734e+00	1.289631380607701772e+02
4.420000000000000000e+02	1.153783623167492500e+00	1.125381014922125757e+02
4.430000000000000000e+02	2.114385115691361783e+00	1.212003882917131250e+02
4.440000000000000000e+02	2.217277598794342275e+00	1.221282279891187983e+02
4.450000000000000000e+02	2.826703015334220748e+00	1.276237615501832323e+02
4.460000000000000000e+02	1.515392704595811324e+00	1.157989350397496793e+02
4.470000000000000000e+02	1.986705036376055000e+00	1.200490248239068478e+02
4.480000000000000000e+02	2.072844331229904302e+00	1.208257915503152446e+02
4.490000000000000000e+02	2.164424912734751683e+00	1.216516254350573263e+02
4.500000000000000000e+02	1.461027015510206528e+00	1.153086888819234304e+02
4.510000000000000000e+02	1.762624213373176874e+00	1.180283613435502303e+02
4.520000000000000000e+02	2.916043268894157769e+00	1.284293931311242147e+02
4.530000000000000000e+02	2.437452174718309550e+00	1.241136666309023155e+02
4.540000000000000000e+02	2.749167851895823578e+00	1.269245831416790935e+02
4.550000000000000000e+02	2.122629508544448207e+00	1.212747326435978437e+02
4.560000000000000000e+02	2.791061456189094958e+00	1.273023614589911290e+02
4.570000000000000000e+02	2.569412761389286981e+00	1.253036298538107474e+02
4.580000000000000000e+02	2.728586394522927172e+00	1.267389885034204013e+02
4.590000000000000000e+02	2.454388323363772439e+00	1.242663894592424185e+02
4.600000000000000000e+02	1.736264655300555848e+00	1.177906623042397456e+02
4.610000000000000000e+02	1.281730967791740117e+00	1.136918750424261901e+02
4.620000000000000000e+02	2.083723456200849533e+00	1.209238947714317760e+02
4.630000000000000000e+02	2.790936230712036448e+00	1.273012322300597532e+02
4.640000000000000000e+02	2.355451492456600349e+00	1.233742201142834745e+02
4.650000000000000000e+02	1.871670796447969298e+00	1.190116960400408601e+02
4.660000000000000000e+02	2.172747973108686281e+00	1.217266791764575657e+02
4.670000000000000000e+02	2.016633453167747003e+00	1.203189062801842937e+02
4.680000000000000000e+02	1.612470909507697669e+00	1.166743441032084689e+02
4.690000000000000000e+02	1.423494009421926165e+00	1.149702325441866719e+02
4.700000000000000000e+02	2.100613116989761053e+00	1.210761983924842866e+02
4.710000000000000000e+02	2.972474839434864347e+00	1.289382685101177799e+02
4.720000000000000000e+02	1.962660052519906717e+00	1.198321976090083183e+02
4.730000000000000000e+02	3.087067453906186643e+00	1.299716149075371163e+02
4.740000000000000000e+02	2.646432001105979204e+00	1.259981558864037083e+02
4.750000000000000000e+02	2.216629063916716991e+00	1.221223797834339280e+02
4.760000000000000000e+02	2.613373425211670487e+00	1.257000480156495428e+02
4.770000000000000000e+02	1.790049613540945828e+00	1.182756716836789934e+02
4.780000000000000000e+02	2.101857413699216082e+00	1.210874189194612427e+02
4.790000000000000000e+02	1.886712074246860826e+00	1.191473317465632817e+02
4.800000000000000000e+02	3.271186943425171467e+00	1.316319244490106257e+02
4.810000000000000000e+02	3.328217176915139408e+00	1.321461983103124851e+02
4.820000000000000000e+02	1.991476275558917930e+00	1.200920497853634288e+02
4.830000000000000000e+02	2.723915663301554879e+00	1.266968698790815893e+02
4.840000000000000000e+02	1.622256519134821717e+00	1.167625864781764591e+02
4.850000000000000000e+02	1.328985936940870083e+00	1.141179998180559210e+02
4.860000000000000000e+02	2.443743591332097509e+00	1.241703998917892875e+02
4.870000000000000000e+02	1.689922349526865819e+00	1.173727675303026956e+02
4.880000000000000000e+02	1.411758804409150914e+00	1.148644095652898756e+02
4.890000000000000000e+02	2.441291622785351834e+00	1.241482891050160333e+02
4.900000000000000000e+02	1.651165564131221952e+00	1.170232756826045488e+02
4.910000000000000000e+02	1.591325609696999432e+00	1.164836649788814356e+02
4.920000000000000000e+02	1.821124278835250188e+00	1.185558895108140689e+02
4.930000000000000000e+02	1.866154553823544449e+00	1.189619529613133295e+02
4.940000000000000000e+02	1.393281757461668047e+00	1.146977915857087567e+02
4.950000000000000000e+02	2.353873308889576688e+00	1.233599887407261519e+02
4.960000000000000000e+02	1.770790571155911319e+00	1.181020020090831508e+02
4.970000000000000000e+02	1.912285113152088378e+00	1.193779382978292460e+02
4.980000000000000000e+02	2.765891199584542992e+00	1.270753870234707392e+02
4.990000000000000000e+02	1.771105340340288103e+00	1.181048404607948470e+02
5.000000000000000000e+02	1.688541849424029184e+00	1.173603187803157653e+02
5.010000000000000000e+02	3.205215053160557659e+00	1.310370186127977377e+02
5.020000000000000000e+02	2.036362104246095761e+00	1.204968106818929812e+02
5.030000000000000000e+02	2.941994293814973016e+00	1.286634081960128526e+02
5.040000000000000000e+02	1.707308585382906863e+00	1.175295490495080202e+02
5.050000000000000000e+02	1.356604561722834390e+00	1.143670525737835817e+02
5.060000000000000000e+02	1.781998319980826917e+00	1.182030686173007865e+02
5.070000000000000000e+02	1.831628242489101943e+00	1.186506096902113967e+02
5.080000000000000000e+02	2.219023207046221469e+00	1.221439691257243823e+02
5.090000000000000000e+02	1.622984878158453492e+00	1.167691545033198821e+02
5.100000000000000000e+02	1.863990403121575934e+00	1.189424375907838396e+02
5.110000000000000000e+02	2.382971374197731418e+00	1.236223824481808293e+02
5.120000000000000000e+02	2.007268951814460411e+00	1.202344612766237049e+02
5.130000000000000000e+02	1.778369661576588934e+00	1.181703469527608519e+02
5.140000000000000000e+02	1.935554133584999947e+00	1.195877682117967282e+02
5.150000000000000000e+02	2.144259802249118607e+00	1.214697852320911267e+02
5.160000000000000000e+02	2.078496144469524687e+00	1.208767571459340644e+02
5.170000000000000000e+02	1.598184121534257818e+00	1.165455120580443236e+02
5.180000000000000000e+02	1.713262981663214557e+00	1.175832432074906251e+02
5.190000000000000000e+02	2.378891186055994034e+00	1.235855890846948171e+02
5.200000000000000000e+02	2.012653708091455940e+00	1.202830186686117173e+02
5.210000000000000000e+02	1.841427144954276063e+00	1.187389719342160959e+02
5.220000000000000000e+02	2.036909871849310605e+00	1.205017502120888508e+02
5.230000000000000000e+02	2.584645897374613810e+00	1.254409956540803250e+02
5.240000000000000000e+02	1.681353062837790624e+00	1.172954934269980356e+02
5.250000000000000000e+02	2.373147884068901980e+00	1.235337984833106475e+02
5.260000000000000000e+02	2.154986403473546197e+00	1.215665130603456277e+02
5.270000000000000000e+02	1.714586554715848532e+00	1.175951786140783071e+02
5.280000000000000000e+02	3.057932500924593011e+00	1.297088885630740833e+02
5.290000000000000000e+02	3.374703246278218050e+00	1.325653894818215974e+02
5.300000000000000000e+02	2.875611369395349559e+00	1.280647958324180991e+02
5.310000000000000000e+02	1.884546843613769118e+00	1.191278066376842304e+02
5.320000000000000000e+02	2.551314165056069783e+00	1.251404245774012765e+02
5.330000000000000000e+02	1.998013733453055885e+00	1.201510017395915071e+02
5.340000000000000000e+02	1.760400116023785211e+00	1.180083054002059981e+02
5.350000000000000000e+02	3.407633762310856795e+00	1.328623425643957034e+02
5.360000000000000000e+02	2.153746869252211482e+00	1.215553354794168399e+02
5.370000000000000000e+02	2.255897813972835841e+00	1.224764883059496299e+02
5.380000000000000000e+02	2.360721303006545035e+00	1.234217409756582668e+02
5.390000000000000000e+02	1.926720117753571992e+00	1.195081068961328299e+02
5.400000000000000000e+02	1.613182881019383341e+00	1.166807643528908756e+02
5.410000000000000000e+02	1.833109777686326103e+00	1.186639695307714959e+02
5.420000000000000000e+02	2.052893844875447460e+00	1.206458867344922226e+02
5.430000000000000000e+02	1.959490579086417883e+00	1.198036166749811002e+02
5.440000000000000000e+02	1.647182487232861980e+00	1.169873580261085095e+02
5.450000000000000000e+02	1.885817498865208552e+00	1.191392648545378563e+02
5.460000000000000000e+02	2.246884507444387502e+00	1.223952102246964984e+02
5.470000000000000000e+02	1.392004190768473260e+00	1.146862710444769675e+02
5.480000000000000000e+02	2.548841477143816370e+00	1.251181269523941353e+02
5.490000000000000000e+02	3.011935188979233402e+00	1.292941047935528331e+02
5.500000000000000000e+02	3.065217921114672173e+00	1.297745853162360277e+02
5.510000000000000000e+02	1.824469664659493784e+00	1.185860567463327726e+02
5.520000000000000000e+02	1.203943656033414911e+00	1.129904228699520417e+02
5.530000000000000000e+02	2.285566051876282145e+00	1.227440235820819225e+02
5.540000000000000000e+02	2.053796246031855510e+00	1.206540241959534541e+02
5.550000000000000000e+02	1.138017246921821934e+00	1.123959271630118053e+02
5.560000000000000000e+02	1.745502367287608214e+00	1.178739639763959985e+02
5.570000000000000000e+02	1.581766337493857311e+00	1.163974636164407599e+02
5.580000000000000000e+02	1.433555607879972271e+00	1.150609636664921567e+02
5.590000000000000000e+02	1.669819125681734073e+00	1.171914853941657242e+02
5.600000000000000000e+02	1.744512506467563506e+00	1.178650378416964912e+02
5.610000000000000000e+02	2.321122023444758486e+00	1.230646518817026163e+02
5.620000000000000000e+02	1.941965386314730591e+00	1.196455821026986541e+02
5.630000000000000000e+02	2.040385645652410318e+00	1.205330932297366076e+02
5.640000000000000000e+02	1.784411686362021410e+00	1.182248313065208976e+02
5.650000000000000000e+02	2.139633020216121118e+00	1.214280629224335684e+02
5.660000000000000000e+02	1.416137870130436793e+00	1.149038980769014699e+02
5.670000000000000000e+02	1.740452339185166952e+00	1.178284250176192955e+02
5.680000000000000000e+02	2.199807230484831511e+00	1.219706878000105377e+02
5.690000000000000000e+02	1.979277445723633067e+00	1.199820460393002151e+02
5.700000000000000000e+02	2.548459225162190922e+00	1.251146799701436407e+02
5.710000000000000000e+02	2.984968876070067001e+00	1.290509343028110720e+02
5.720000000000000000e+02	2.001389197000722486e+00	1.201814402029487923e+02
5.730000000000000000e+02	1.806377914837550946e+00	1.184229132087865963e+02
5.740000000000000000e+02	2.221349376961418987e+00	1.221649455151081582e+02
5.750000000000000000e+02	2.228255179121246154e+00	1.222272190378484424e+02
5.760000000000000000e+02	3.325307807251806302e+00	1.321199628790481313e+02
5.770000000000000000e+02	1.310118429988051947e+00	1.139478608398335666e+02
5.780000000000000000e+02	1.762880742977681159e+00	1.180306746160404998e+02
5.790000000000000000e+02	2.363085938225796934e+00	1.234430642284376773e+02
5.800000000000000000e+02	2.743662067847068009e+00	1.268749343738418389e+02
5.810000000000000000e+02	1.385084000893765488e+00	1.146238677795765284e+02
5.820000000000000000e+02	2.271337258371629364e+00	1.226157145058339353e+02
5.830000000000000000e+02	2.300447299313641558e+00	1.228782162043503376e+02
5.840000000000000000e+02	1.679848343931572341e+00	1.172819245258254455e+02
5.850000000000000000e+02	2.190610569009756148e+00	1.218877563035314751e+02
5.860000000000000000e+02	1.824176184982770899e+00	1.185834102741490597e+02
5.870000000000000000e+02	1.870276033482461742e+00	1.189991186737567403e+02
5.880000000000000000e+02	1.311069549588651073e+00	1.139564376230523521e+02
5.890000000000000000e+02	3.087614108764470622e+00	1.299765444034827624e+02
5.900000000000000000e+02	1.981858918988407492e+00	1.200053246433402308e+02
5.910000000000000000e+02	1.724145333036828598e+00	1.176813755229042897e+02
5.920000000000000000e+02	1.975515970658463516e+00	1.199481266918317175e+02
5.930000000000000000e+02	2.123144780721991864e+00	1.212793791441669384e+02
5.940000000000000000e+02	2.305780962510959320e+00	1.229263128611499525e+02
5.950000000000000000e+02	2.250981239067562534e+00	1.224321527701086438e+02
5.960000000000000000e+02	1.752867405517317678e+00	1.179403786904387772e+02
5.970000000000000000e+02	1.501724541820498082e+00	1.156756814877788742e+02
5.980000000000000000e+02	1.344473483053556961e+00	1.142576597782919805e+02
5.990000000000000000e+02	1.856227465778802710e+00	1.188724347954592417e+02
6.000000000000000000e+02	2.568015809490781010e+00	1.252910327486801236e+02
6.010000000000000000e+02	2.148230836241920461e+00	1.215055942908984861e+02
6.020000000000000000e+02	2.697743469400075256e+00	1.264608604084413770e+02
6.030000000000000000e+02	1.793993241585771781e+00	1.183112336075576252e+02
6.040000000000000000e+02	1.570987366795198126e+00	1.163002635430264604e+02
6.050000000000000000e+02	2.363412632069652908e+00	1.234460102115463087e+02
6.060000000000000000e+02	2.402839151314785759e+00	1.238015414280448994e+02
6.070000000000000000e+02	1.881203007195338506e+00	1.190976533740338112e+02
6.080000000000000000e+02	2.563795533957981654e+00	1.252529761379809372e+02
6.090000000000000000e+02	1.773653930076682927e+00	1.181278225354665352e+02
6.100000000000000000e+02	3.022975445227148672e+00	1.293936610265003253e+02
6.110000000000000000e+02	2.313365424675512649e+00	1.229947062448794526e+02
6.120000000000000000e+02	1.946789435661373302e+00	1.196890832832618514e+02
6.130000000000000000e+02	2.422835558071439799e+00	1.239818603340987551e+02
6.140000000000000000e+02	1.619401807440524310e+00	1.167368439287234878e+02
6.150000000000000000e+02	3.013333997624954907e+00	1.293067186420229291e+02
6.160000000000000000e+02	1.853863130794698666e+00	1.188511142500699123e+02
6.170000000000000000e+02	1.694913620851019820e+00	1.174177766459874448e+02
6.180000000000000000e+02	1.843953529736965802e+00	1.187617537742651450e+02
6.190000000000000000e+02	1.571078061223146971e+00	1.163010813859635419e+02
6.200000000000000000e+02	2.064883291628183848e+00	1.207540023549111226e+02
6.210000000000000000e+02	3.027436085410756927e+00	1.294338851411623352e+02
6.220000000000000000e+02	2.144491433062947650e+00	1.214718739781076664e+02
6.230000000000000000e+02	1.833000035529553262e+00	1.186629799236936691e+02
6.240000000000000000e+02	2.244083156537328705e+00	1.223699488596332117e+02
6.250000000000000000e+02	2.201940906065225079e+00	1.219899283591376076e+02
6.260000000000000000e+02	1.887809855342246879e+00	1.191572310594056034e+02
6.270000000000000000e+02	2.192119646616148998e+00	1.219013645095680261e+02
6.280000000000000000e+02	2.492835737668343654e+00	1.246130915328883759e+02
6.290000000000000000e+02	1.756080631860646113e+00	1.179693541691926981e+02
6.300000000000000000e+02	2.010812430247734373e+00	1.202664148252031708e+02
6.310000000000000000e+02	2.150702756503338087e+00	1.215278849935639869e+02
6.320000000000000000e+02	1.502110694398278934e+00	1.156791636439103570e+02
6.330000000000000000e+02	2.788735655537280422e+00	1.272813883994640776e+02
6.340000000000000000e+02	2.380723699127901050e+00	1.236021138912001334e+02
6.350000000000000000e+02	2.116000404554247538e+00	1.212149542647032376e+02
6.360000000000000000e+02	2.343376564017718877e+00	1.232653336571677016e+02
6.370000000000000000e+02	2.145726450235360794e+00	1.214830108262522970e+02
6.380000000000000000e+02	1.951829375993204163e+00	1.197345312749071553e+02
6.390000000000000000e+02	1.779340688043922869e+00	1.181791032474526730e+02
6.400000000000000000e+02	2.540205819369115936e+00	1.250402543434829710e+02
6.410000000000000000e+02	2.070678138430156690e+00	1.208062577650354399e+02
6.420000000000000000e+02	1.659690030123159854e+00	1.171001456123407110e+02
6.430000000000000000e+02	1.972426522294240314e+00	1.199202673891016815e+02
6.440000000000000000e+02	1.697228879277337787e+00	1.174386546403064386e+02
6.450000000000000000e+02	2.027192480247575812e+00	1.204141229976275014e+02
6.460000000000000000e+02	2.561046950205711159e+00	1.252281906041878869e+02
6.470000000000000000e+02	2.220077944088076016e+00	1.221534802859981426e+02
6.480000000000000000e+02	1.458545566575452535e+00	1.152863122538227572e+02
6.490000000000000000e+02	1.952771594948431444e+00	1.197430277959740295e+02
6.500000000000000000e+02	2.002233640506901224e+00	1.201890550275075924e+02
6.510000000000000000e+02	1.420886584726557267e+00	1.149467199214235791e+02
6.520000000000000000e+02	2.313087106293804318e+00	1.229921964906653500e+02
6.530000000000000000e+02	1.591616290279380230e+00	1.164862862100488172e+02
6.540000000000000000e+02	2.161454527619813160e+00	1.216248397929665970e+02
6.550000000000000000e+02	2.006564579240847301e+00	1.202281095508624844e+02
6.560000000000000000e+02	2.296538242480187009e+00	1.228429660286318352e+02
6.570000000000000000e+02	2.351395207148025079e+00	1.233376422961591459e+02
6.580000000000000000e+02	1.773859584611483298e+00	1.181296770386876176e+02
6.590000000000000000e+02	1.766784146055506710e+00	1.180658738086477797e+02
6.600000000000000000e+02	2.286048096647903982e+00	1.227483704523444459e+02
6.610000000000000000e+02	1.666565690476736528e+00	1.171621473293713080e+02
6.620000000000000000e+02	1.386952604375697007e+00	1.146407180337152170e+02
6.630000000000000000e+02	2.021497847483618493e+00	1.203627712741468088e+02
6.640000000000000000e+02	3.019446299795516264e+00	1.293618367267008011e+02
6.650000000000000000e+02	2.005617703488448367e+00	1.202195710368224582e+02
6.660000000000000000e+02	1.704318724743650870e+00	1.175025877856026995e+02
6.670000000000000000e+02	2.657550391709591953e+00	1.260984167010150969e+02
6.680000000000000000e+02	1.759784572447170126e+00	1.180027546957362148e+02
6.690000000000000000e+02	1.933808257288171628e+00	1.195720246580782771e+02
6.700000000000000000e+02	1.759484701961106401e+00	1.180000505940111992e+02
6.710000000000000000e+02	3.104511912307601484e+00	1.301289214523541489e+02
6.720000000000000000e+02	2.536564064751245517e+00	1.250074145829798624e+02
6.730000000000000000e+02	2.626990010370495732e+00	1.258228364630895584e+02
6.740000000000000000e+02	1.494810665074442380e+00	1.156133351519290500e+02
6.750000000000000000e+02	2.582628494823705267e+00	1.254228035946029962e+02
6.760000000000000000e+02	2.981834756562374622e+00	1.290226721751225227e+02
6.770000000000000000e+02	1.956785051515407270e+00	1.197792194031191997e+02
6.780000000000000000e+02	1.511802698386940147e+00	1.157665619239100181e+02
6.790000000000000000e+02	1.333047127038668345e+00	1.141546218654379174e+02
6.800000000000000000e+02	1.499003645647077887e+00	1.156511456285393677e+02
6.810000000000000000e+02	2.314523418483633854e+00	1.230051485297978786e+02
6.820000000000000000e+02	2.972549265009681196e+00	1.289389396476074410e+02
6.830000000000000000e+02	1.681347745940885652e+00	1.172954454815323686e+02
6.840000000000000000e+02	2.189509528922432224e+00	1.218778276025161489e+02
6.850000000000000000e+02	2.446969911939963271e+00	1.241994934489302977e+02
6.860000000000000000e+02	1.935662503563693626e+00	1.195887454451689393e+02
6.870000000000000000e+02	2.148473784673848641e+00	1.215077850942765991e+02
6.880000000000000000e+02	2.698814207014251121e+00	1.264705158549227804e+02
6.890000000000000000e+02	1.604827552705765381e+00	1.166054196332336232e+02
6.900000000000000000e+02	1.955496296421627811e+00	1.197675979697532114e+02
6.910000000000000000e+02	1.889006740446511623e+00	1.191680240491311906e+02
6.920000000000000000e+02	3.035477383440793098e+00	1.295063980721941448e+02
6.930000000000000000e+02	3.027914230412947383e+00	1.294381968449989131e+02
6.940000000000000000e+02	3.035819711059622339e+00	1.295094850338913375e+02
6.950000000000000000e+02	2.101400483868823166e+00	1.210832985248242153e+02
6.960000000000000000e+02	1.667249046195642403e+00	1.171683095342703353e+02
6.970000000000000000e+02	2.106404037679344921e+00	1.211284183986332863e+02
6.980000000000000000e+02	2.105548623761380966e+00	1.211207046476685463e+02
6.990000000000000000e+02	1.454453443735034046e+00	1.152494112684106256e+02
7.000000000000000000e+02	2.655108961516800647e+00	1.260764009445380225e+02
7.010000000000000000e+02	1.513650785187343306e+00	1.157832271675308675e+02
7.020000000000000000e+02	2.509501928305264418e+00	1.247633799972263233e+02
7.030000000000000000e+02	2.843930712116843562e+00	1.277791134329226850e+02
7.040000000000000000e+02	1.770585035248692485e+00	1.181001485755940479e+02
7.050000000000000000e+02	2.185730798197775826e+00	1.218437526510093960e+02
7.060000000000000000e+02	2.303214235246822561e+00	1.229031672301353240e+02
7.070000000000000000e+02	2.414589832615047893e+00	1.239075039653765486e+02
7.080000000000000000e+02	2.404584597263209833e+00	1.238172811010684597e+02
7.090000000000000000e+02	2.563647259687875657e+00	1.252516390650504547e+02
7.100000000000000000e+02	2.076626683578073340e+00	1.208598991600489398e+02
7.110000000000000000e+02	1.892763463521615286e+00	1.192019005452183933e+02
7.120000000000000000e+02	1.817610482765614321e+00	1.185242036248904753e+02
7.130000000000000000e+02	1.348367200743178840e+00	1.142927716322775211e+02
7.140000000000000000e+02	2.354741855329893330e+00	1.233678209150703253e+02
7.150000000000000000e+02	1.937165060873200062e+00	1.196022948540017694e+02
7.160000000000000000e+02	2.535423753217734610e+00	1.249971317491294940e+02
7.170000000000000000e+02	1.768055965993489576e+00	1.180773425281385016e+02
7.180000000000000000e+02	1.446169439358539810e+00	1.151747097170222673e+02
7.190000000000000000e+02	1.335112963366838823e+00	1.141732506796701472e+02
7.200000000000000000e+02	2.282659786124176193e+00	1.227178161405400942e+02
7.210000000000000000e+02	2.044423290034790952e+00	1.205695029520895076e+02
7.220000000000000000e+02	1.262452564412389844e+00	1.135180307787975380e+02
7.230000000000000000e+02	3.063629487038975974e+00	1.297602615080461987e+02
7.240000000000000000e+02	2.278501228212165497e+00	1.226803160725238371e+02
7.250000000000000000e+02	1.689799929010342927e+00	1.173716635952864493e+02
7.260000000000000000e+02	3.109264186129520269e+00	1.301717753924277474e+02
7.270000000000000000e+02	1.990569087871141729e+00	1.200838691610424718e+02
7.280000000000000000e+02	1.710405628922414989e+00	1.175574768422280556e+02
7.290000000000000000e+02	2.105353886610449976e+00	1.211189485926707050e+02
7.300000000000000000e+02	1.635024718470495575e+00	1.168777245509564722e+02
7.310000000000000000e+02	2.384130761153660405e+00	1.236328372959007424e+02
7.320000000000000000e+02	2.583444165212144927e+00	1.254301589556903025e+02
7.330000000000000000e+02	1.839257485779250745e+00	1.187194068906704558e+02
7.340000000000000000e+02	1.758238637298182860e+00	1.179888141243981750e+02
7.350000000000000000e+02	1.516038159065738355e+00	1.158047554676566051e+02
7.360000000000000000e+02	1.184107881107726357e+00	1.128115524719421359e+02
7.370000000000000000e+02	1.935183415198631129e+00	1.195844252344959671e+02
7.380000000000000000e+02	1.621580630926232391e+00	1.167564916120402359e+02
7.390000000000000000e+02	1.441273801792888332e+00	1.151305629850109966e+02
7.400000000000000000e+02	2.706738576404160490e+00	1.265419743742929910e+02
7.410000000000000000e+02	1.685110959070934999e+00	1.173293805021146170e+02
7.420000000000000000e+02	3.331331517361852068e+00	1.321742820790247777e+02
7.430000000000000000e+02	1.742697380845374511e+00	1.178486698276564368e+02
7.440000000000000000e+02	3.366656831950378237e+00	1.324928304142396485e+02
7.450000000000000000e+02	3.391473823479530747e+00	1.327166192588327078e+02
7.460000000000000000e+02	1.681491593742581392e+00	1.172967426384943934e+02
7.470000000000000000e+02	2.092877199771240981e+00	1.210064392528977351e+02
7.480000000000000000e+02	3.138682727067171108e+00	1.304370590098362754e+02
7.490000000000000000e+02	1.332655132545230936e+00	1.141510870294498261e+02
7.500000000000000000e+02	1.905015711126169409e+00	1.193123859895104886e+02
7.510000000000000000e+02	2.432300260811305570e+00	1.240672089102178006e+02
7.520000000000000000e+02	1.825900967262756192e+00	1.185989636111906975e+02
7.530000000000000000e+02	1.449384726647616084e+00	1.152037037804893060e+02
7.540000000000000000e+02	3.176575860828885212e+00	1.307787628224270691e+02
7.550000000000000000e+02	2.601232441999326017e+00	1.255905659052929053e+02
7.560000000000000000e+02	3.116522737878268945e+00	1.302372298576622995e+02
7.570000000000000000e+02	2.441212314729241051e+00	1.241475739394318794e+02
7.580000000000000000e+02	1.839962466164066113e+00	1.187257640974089554e+02
7.590000000000000000e+02	1.198204833604119113e+00	1.129386726632733655e+02
7.600000000000000000e+02	1.635537401541992120e+00	1.168823477040924104e+02
7.610000000000000000e+02	2.060115178886206877e+00	1.207110055863397662e+02
7.620000000000000000e+02	1.041518353017720999e+00	1.115257420744631105e+02
7.630000000000000000e+02	1.963888409192817708e+00	1.198432743956629878e+02
7.640000000000000000e+02	2.471738991263126017e+00	1.244228502420715188e+02
7.650000000000000000e+02	1.871321584695547990e+00	1.190085470002186554e+02
7.660000000000000000e+02	2.746743319101018876e+00	1.269027197585937614e+02
7.670000000000000000e+02	1.521339898437434002e+00	1.158525642492702730e+02
7.680000000000000000e+02	1.971021255265056116e+00	1.199075953017362082e+02
7.690000000000000000e+02	2.668422438652463313e+00	1.261964560955504453e+02
7.700000000000000000e+02	2.577249660966029143e+00	1.253742996084186245e+02
7.710000000000000000e+02	2.661710974691822162e+00	1.261359350302345490e+02
7.720000000000000000e+02	3.021243088323643189e+00	1.293780393847955565e+02
7.730000000000000000e+02	2.862870725233658931e+00	1.279499062402221057e+02
7.740000000000000000e+02	1.371408029013097662e+00	1.145005438084873362e+02
7.750000000000000000e+02	2.021668835327206093e+00	1.203643131682120497e+02
7.760000000000000000e+02	1.462394619757364733e+00	1.153210213426881694e+02
7.770000000000000000e+02	1.961267775632603794e+00	1.198196426610970491e+02
7.780000000000000000e+02	3.268888136446702841e+00	1.316111948066988475e+02
7.790000000000000000e+02	4.262321291891629116e+00	1.405695432743730748e+02
7.800000000000000000e+02	3.554191786671641040e+00	1.341839391366077336e+02
7.810000000000000000e+02	2.004889445116682989e+00	1.202130039193138344e+02
7.820000000000000000e+02	3.634349427561820889e+00	1.349067659070906586e+02
7.830000000000000000e+02	1.423489595532618779e+00	1.149701927416511040e+02
7.840000000000000000e+02	1.586408074723947959e+00	1.164393207855664514e+02
7.850000000000000000e+02	2.525950020564114329e+00	1.249117017451724507e+02
7.860000000000000000e+02	1.753646410837994107e+00	1.179474034218789740e+02
7.870000000000000000e+02	1.424518182186486737e+00	1.149794680890904743e+02
7.880000000000000000e+02	2.022404501539416533e+00	1.203709470864064883e+02
7.890000000000000000e+02	2.089651545991605630e+00	1.209773517089239334e+02
7.900000000000000000e+02	1.902377688573487546e+00	1.192885974485674154e+02
7.910000000000000000e+02	1.258691038597687051e+00	1.134841109736918128e+02
7.920000000000000000e+02	1.630539264438991554e+00	1.168372766757977814e+02
7.930000000000000000e+02	1.525959281029825476e+00	1.158942198339881173e+02
7.940000000000000000e+02	2.494529114135984660e+00	1.246283616659627000e+02
7.950000000000000000e+02	2.940797427250818163e+00	1.286526153734739069e+02
7.960000000000000000e+02	2.350353654840030782e+00	1.233282500300855133e+02
7.970000000000000000e+02	1.238733885617653518e+00	1.133041460411365335e+02
7.980000000000000000e+02	2.016511867259257684e+00	1.203178098713005824e+02
7.990000000000000000e+02	1.464724547733336824e+00	1.153420316206308200e+02
8.000000000000000000e+02	2.392987250513575859e+00	1.237127012680779501e+02
8.010000000000000000e+02	2.113823465183227057e+00	1.211953235715139385e+02
8.020000000000000000e+02	2.151885155212958090e+00	1.215385473512781971e+02
8.030000000000000000e+02	2.135429935833309756e+00	1.213901613340540280e+02
8.040000000000000000e+02	1.526576020900673347e+00	1.158997813261193954e+02
8.050000000000000000e+02	2.926930652356857010e+00	1.285275708237304002e+02
8.060000000000000000e+02	1.635437108021578378e+00	1.168814433007110836e+02
8.070000000000000000e+02	1.890526464280973595e+00	1.191817282582258031e+02
8.080000000000000000e+02	1.978132953720144638e+00	1.199717255077883351e+02
8.090000000000000000e+02	1.486517319945384052e+00	1.155385493696933850e+02
8.100000000000000000e+02	1.490885338410623762e+00	1.155779382619508908e+02
8.110000000000000000e+02	3.275410201434837631e+00	1.316700079543900586e+02
8.120000000000000000e+02	1.812256930176528336e+00	1.184759276141994917e+02
8.130000000000000000e+02	1.651873767925156722e+00	1.170296619566456684e+02
8.140000000000000000e+02	2.498911770196355686e+00	1.246678825536918538e+02
8.150000000000000000e+02	2.138645891522702236e+00	1.214191614248646403e+02
8.160000000000000000e+02	2.312443030000618904e+00	1.229863884905573457e+02
8.170000000000000000e+02	2.503306238099514580e+00	1.247075099554860742e+02
8.180000000000000000e+02	2.139223402472837599e+00	1.214243691676371100e+02
8.190000000000000000e+02	2.454710669575243642e+00	1.242692962372916270e+02
8.200000000000000000e+02	1.161360868392510959e+00	1.126064297967177055e+02
8.210000000000000000e+02	1.776206061177987960e+00	1.181508365446279640e+02
8.220000000000000000e+02	1.679326327673381192e+00	1.172772172100679313e+02
8.230000000000000000e+02	1.805712241390495354e+00	1.184169104549307150e+02
8.240000000000000000e+02	2.082460250512244926e+00	1.209125037314983331e+02
8.250000000000000000e+02	1.432092478847535988e+00	1.150477698047271247e+02
8.260000000000000000e+02	1.421016329795270261e+00	1.149478899060683688e+02
8.270000000000000000e+02	2.491982991574592354e+00	1.246054018392029832e+02
8.280000000000000000e+02	1.555223795198530601e+00	1.161581145049315609e+02
8.290000000000000000e+02	1.229359726239430239e+00	1.132196139457042818e+02
8.300000000000000000e+02	1.855957114874880354e+00	1.188699968884972975e+02
8.310000000000000000e+02	1.784006993335082170e+00	1.182211819606762475e+02
8.320000000000000000e+02	1.956229995834172453e+00	1.197742141522030153e+02
8.330000000000000000e+02	2.161991172842352427e+00	1.216296790263671141e+02
8.340000000000000000e+02	1.330588749844673790e+00	1.141324532882688487e+02
8.350000000000000000e+02	3.430272584229947075e+00	1.330664896220384605e+02
8.360000000000000000e+02	2.025485377957739530e+00	1.203987290910536103e+02
8.370000000000000000e+02	1.306198166036982133e+00	1.139125096031988136e+02
8.380000000000000000e+02	1.530358539987216826e+00	1.159338904394272873e+02
8.390000000000000000e+02	1.803009060730281776e+00	1.183925343464904643e+02
8.400000000000000000e+02	1.394087588560013025e+00	1.147050582203539761e+02
8.410000000000000000e+02	2.000736001314234791e+00	1.201755499681151065e+02
8.420000000000000000e+02	1.886981117232812144e+00	1.191497578592893518e+02
8.430000000000000000e+02	2.825736865720374524e+00	1.276150492328367676e+02
8.440000000000000000e+02	1.896795153286415125e+00	1.192382565714177218e+02
8.450000000000000000e+02	1.873942518006214364e+00	1.190321814378039136e+02
8.460000000000000000e+02	2.103748200414739422e+00	1.211044692123600441e+02
8.470000000000000000e+02	1.525981643260904130e+00	1.158944214868697600e+02
8.480000000000000000e+02	2.032520635956238664e+00	1.204621699902878760e+02
8.490000000000000000e+02	2.299672989064689421e+00	1.228712338110265705e+02
8.500000000000000000e+02	2.606290970397353135e+00	1.256361815160411197e+02
8.510000000000000000e+02	2.271177609189063418e+00	1.226142748588862190e+02
8.520000000000000000e+02	2.869027687977112606e+00	1.280054270545376198e+02
8.530000000000000000e+02	2.171899403782988180e+00	1.217190271470513494e+02
8.540000000000000000e+02	1.341518549133389193e+00	1.142310134683608851e+02
8.550000000000000000e+02	2.204732554821076995e+00	1.220151022344176965e+02
8.560000000000000000e+02	1.803615083923709728e+00	1.183979992002820438e+02
8.570000000000000000e+02	2.013054656517445196e+00	1.202866342472723318e+02
8.580000000000000000e+02	2.280002542489026229e+00	1.226938542722284637e+02
8.590000000000000000e+02	2.495957451591443110e+00	1.246412417924063192e+02
8.600000000000000000e+02	2.191698667878305251e+00	1.218975683062599131e+02
8.610000000000000000e+02	2.721128582155894815e+00	1.266717371925252280e+02
8.620000000000000000e+02	1.780542354928019266e+00	1.181899393571907098e+02
8.630000000000000000e+02	1.977020910800897813e+00	1.199616975880163636e+02
8.640000000000000000e+02	1.061056891358463039e+00	1.117019321221236225e+02
8.650000000000000000e+02	2.498717503587660538e+00	1.246661307418393960e+02
8.660000000000000000e+02	1.613493433130543497e+00	1.166835647768689768e+02
8.670000000000000000e+02	1.848422154199978795e+00	1.188020498876890088e+02
8.680000000000000000e+02	2.614239704108140216e+00	1.257078597422687238e+02
8.690000000000000000e+02	1.736986884311572554e+00	1.177971750515933991e+02
8.700000000000000000e+02	1.162988770583629261e+00	1.126211095112202827e+02
8.710000000000000000e+02	1.363524029699577422e+00	1.144294493289218906e+02
8.720000000000000000e+02	3.096010293723832962e+00	1.300522575506157921e+02
8.730000000000000000e+02	2.550337323879781515e+00	1.251316158481910605e+02
8.740000000000000000e+02	3.147933709153702964e+00	1.305204803459826906e+02
8.750000000000000000e+02	2.066177349685944797e+00	1.207656716081017265e+02
8.760000000000000000e+02	1.929132945083529282e+00	1.195298647244231489e+02
8.770000000000000000e+02	1.613140427257489184e+00	1.166803815233157593e+02
8.780000000000000000e+02	1.661335951210271888e+00	1.171149878134166755e+02
8.790000000000000000e+02	1.861395816330440933e+00	1.189190407346619907e+02
8.800000000000000000e+02	1.446438171192810929e+00	1.151771330239177189e+02
8.810000000000000000e+02	1.845920491738740177e+00	1.187794909827909322e+02
8.820000000000000000e+02	2.147054522380067887e+00	1.214949868036970742e+02
8.830000000000000000e+02	1.367607190627742053e+00	1.144662694997039978e+02
8.840000000000000000e+02	2.653227250990381147e+00	1.260594324967682383e+02
8.850000000000000000e+02	2.283582560275974949e+00	1.227261373168200294e+02
8.860000000000000000e+02	1.857022894091425069e+00	1.188796076223036664e+02
8.870000000000000000e+02	2.115153064278669337e+00	1.212073133183368583e+02
8.880000000000000000e+02	2.462432757590691246e+00	1.243389306711347757e+02
8.890000000000000000e+02	1.899355255790584618e+00	1.192613424632259580e+02
8.900000000000000000e+02	2.268623941994906357e+00	1.225912469979070067e+02
8.910000000000000000e+02	1.701697713542490664e+00	1.174789526456348199e+02
8.920000000000000000e+02	2.576271337489270952e+00	1.253654775124669527e+02
8.930000000000000000e+02	1.904261324045623427e+00	1.193055832546611441e+02
8.940000000000000000e+02	1.724736068158572166e+00	1.176867025155093387e+02
8.950000000000000000e+02	2.849977721028709610e+00	1.278336427313689114e+02
8.960000000000000000e+02	2.094587039364868897e+00	1.210218578432876342e+02
8.970000000000000000e+02	1.633107212643484019e+00	1.168604333167219238e+02
8.980000000000000000e+02	1.579986472343274606e+00	1.163814135660100817e+02
8.990000000000000000e+02	2.677272084576692635e+00	1.262762583565986745e+02
9.000000000000000000e+02	2.287392274297770367e+00	1.227604916622355802e+02
9.010000000000000000e+02	1.310006469045833288e+00	1.139468512247128444e+02
9.020000000000000000e+02	1.870809914308662947e+00	1.190039329790324416e+02
9.030000000000000000e+02	3.007569693964184943e+00	1.292547386566725152e+02
9.040000000000000000e+02	3.742250709166654588e+00	1.358797727726525864e+02
9.050000000000000000e+02	2.166262127499487988e+00	1.216681926393853246e+02
9.060000000000000000e+02	3.219499289481155824e+00	1.311658276482654628e+02
9.070000000000000000e+02	2.535707478086721700e+00	1.249996902566963115e+02
9.080000000000000000e+02	2.019104651122648697e+00	1.203411904694035428e+02
9.090000000000000000e+02	2.542646774419439648e+00	1.250622658153317559e+02
9.100000000000000000e+02	3.097253153351409605e+00	1.300634651186128963e+02
9.110000000000000000e+02	1.010398182809266299e+00	1.112451139037878391e+02
9.120000000000000000e+02	2.672662647601952823e+00	1.262346924571386211e+02
9.130000000000000000e+02	2.863485410532167208e+00	1.279554492051128989e+02
9.140000000000000000e+02	2.089170648371831973e+00	1.209730151831782479e+02
9.150000000000000000e+02	2.665244733193607107e+00	1.261678009286959536e+02
9.160000000000000000e+02	1.945147038386426441e+00	1.196742728583926123e+02
9.170000000000000000e+02	1.684872200221496197e+00	1.173272274785706628e+02
9.180000000000000000e+02	2.215322889822145758e+00	1.221106012730887755e+02
9.190000000000000000e+02	2.936448588547470262e+00	1.286133994359739745e+02
9.200000000000000000e+02	2.671782369806832591e+00	1.262267544945350721e+02
9.210000000000000000e+02	1.840949776499595680e+00	1.187346672329475012e+02
9.220000000000000000e+02	1.230151734104229178e+00	1.132267559284367024e+02
9.230000000000000000e+02	2.022919642561606057e+00	1.203755924042736041e+02
9.240000000000000000e+02	2.218784142395670678e+00	1.221418133445989014e+02
9.250000000000000000e+02	1.695485484138881338e+00	1.174229334605959139e+02
9.260000000000000000e+02	2.619067984198009125e+00	1.257513990738357421e+02
9.270000000000000000e+02	2.252623382076186953e+00	1.224469609021146823e+02
9.280000000000000000e+02	2.360650392062998648e+00	1.234211015315859754e+02
9.290000000000000000e+02	1.651675535575660048e+00	1.170278743834661128e+02
9.300000000000000000e+02	1.801280784742885555e+00	1.183769495047136928e+02
9.310000000000000000e+02	2.462864462550303557e+00	1.243428235988493782e+02
9.320000000000000000e+02	1.723248663860219354e+00	1.176732897499458659e+02
9.330000000000000000e+02	3.186831399064465220e+00	1.308712428093636220e+02
9.340000000000000000e+02	2.047512649297858811e+00	1.205973614513440424e+02
9.350000000000000000e+02	2.153376158463212509e+00	1.215519925706258704e+02
9.360000000000000000e+02	2.805465549894541333e+00	1.274322513162675676e+02
9.370000000000000000e+02	1.534793021745829211e+00	1.159738786687806851e+02
9.380000000000000000e+02	1.439501694535673781e+00	1.151145828918912741e+02
9.390000000000000000e+02	2.477308875493903439e+00	1.244730770374934679e+02
9.400000000000000000e+02	1.751105590933116574e+00	1.179244914121712782e+02
9.410000000000000000e+02	1.937286701512904052e+00	1.196033917564277971e+02
9.420000000000000000e+02	2.822991394471489279e+00	1.275902917662465939e+02
9.430000000000000000e+02	1.934246777020316665e+00	1.195759790384499865e+02
9.440000000000000000e+02	1.359319831233422260e+00	1.143915376942229045e+02
9.450000000000000000e+02	1.883462900175050914e+00	1.191180321068161305e+02
9.460000000000000000e+02	2.031544685732886713e+00	1.204533692953040429e+02
9.470000000000000000e+02	3.037019422945573588e+00	1.295203035143057093e+02
9.480000000000000000e+02	1.563012025633991886e+00	1.162283453823741013e+02
9.490000000000000000e+02	2.132556106934971218e+00	1.213642463939630005e+02
9.500000000000000000e+02	1.673000380487092098e+00	1.172201725674844965e+02
9.510000000000000000e+02	2.598341044684544077e+00	1.255644925408573158e+02
9.520000000000000000e+02	1.804363092677425451e+00	1.184047444181519495e+02
9.530000000000000000e+02	2.503534090090300701e+00	1.247095646257186132e+02
9.540000000000000000e+02	1.370044500738750726e+00	1.144882481030740706e+02
9.550000000000000000e+02	2.204718941895468465e+00	1.220149794789704885e+02
9.560000000000000000e+02	3.082370650877240159e+00	1.299292611789679484e+02
9.570000000000000000e+02	1.556238070035599552e+00	1.161672607946266993e+02
9.580000000000000000e+02	1.404750544298331905e+00	1.148012121212739203e+02
9.590000000000000000e+02	2.309251449194172245e+00	1.229576082018482595e+02
9.600000000000000000e+02	1.986147842543180442e+00	1.200440002920683753e+02
9.610000000000000000e+02	2.491853980701430604e+00	1.246042384752146148e+02
9.620000000000000000e+02	2.028646998441958171e+00	1.204272392105970653e+02
9.630000000000000000e+02	1.872340780520900916e+00	1.190177376652475658e+02
9.640000000000000000e+02	2.367258636637683544e+00	1.234806918093366050e+02
9.650000000000000000e+02	2.282807485991875662e+00	1.227191480337593106e+02
9.660000000000000000e+02	2.154530157907595278e+00	1.215623988361079739e+02
9.670000000000000000e+02	2.052754364016622368e+00	1.206446289567232100e+02
9.680000000000000000e+02	2.826165567048928295e+00	1.276189150751118007e+02
9.690000000000000000e+02	3.178887620389000634e+00	1.307996092654911990e+02
9.700000000000000000e+02	1.638533924239941486e+00	1.169093690435478123e+02
9.710000000000000000e+02	1.701264373329308022e+00	1.174750449719141869e+02
9.720000000000000000e+02	2.502421078769274665e+00	1.246995279733202437e+02
9.730000000000000000e+02	1.812472593502206797e+00	1.184778723723470648e+02
9.740000000000000000e+02	1.878359945552178001e+00	1.190720158796790855e+02
9.750000000000000000e+02	2.116165289741660516e+00	1.212164411276671956e+02
9.760000000000000000e+02	3.252534070549073952e+00	1.314637209476160535e+02
9.770000000000000000e+02	1.976523926121919850e+00	1.199572159961619064e+02
9.780000000000000000e+02	1.712348757076209038e+00	1.175749991274705195e+02
9.790000000000000000e+02	1.623775620110633033e+00	1.167762850706024551e+02
9.800000000000000000e+02	1.942820071126740267e+00	1.196532892789027613e+02
9.810000000000000000e+02	2.110055199886760047e+00	1.211613429926905212e+02
9.820000000000000000e+02	2.668124814144916090e+00	1.261937722470836150e+02
9.830000000000000000e+02	1.425214617153246932e+00	1.149857482369626496e+02
9.840000000000000000e+02	3.312626166435960862e+00	1.320056053533831459e+02
9.850000000000000000e+02	3.064908204328720132e+00	1.297717924248576367e+02
9.860000000000000000e+02	1.874761619097462084e+00	1.190395677354782293e+02
9.870000000000000000e+02	1.219720625532395575e+00	1.131326927245075211e+02
9.880000000000000000e+02	2.276006270172198143e+00	1.226578176251831565e+02
9.890000000000000000e+02	1.695144552639320734e+00	1.174198590884955564e+02
9.900000000000000000e+02	2.112853713869085048e+00	1.211865787755994432e+02
9.910000000000000000e+02	2.150691253051276508e+00	1.215277812604324907e+02
9.920000000000000000e+02	2.621225359947899403e+00	1.257708533507916684e+02
9.930000000000000000e+02	2.518445929446839759e+00	1.248440331126194991e+02
9.940000000000000000e+02	1.809213387644104110e+00	1.184484822703107625e+02
9.950000000000000000e+02	2.846368442921935582e+00	1.278010958299291815e+02
9.960000000000000000e+02	1.623999022616811505e+00	1.167782996173164634e+02
9.970000000000000000e+02	2.648372135650348458e+00	1.260156511765773502e+02
9.980000000000000000e+02	1.340772828613760570e+00	1.142242888847915481e+02
9.990000000000000000e+02	1.409724323367209209e+00	1.148460634994024048e+02
