0.000000000000000000e+00	2.621048035964639755e+00	1.121245007969677516e+02
1.000000000000000000e+00	4.367998063822922106e+00	1.108107948019881945e+02
2.000000000000000000e+00	2.403166551643995064e+00	1.096636879850628645e+02
3.000000000000000000e+00	2.660998540289704284e+00	1.102449421911818490e+02
4.000000000000000000e+00	3.181681946328581034e+00	1.114187663601926630e+02
5.000000000000000000e+00	3.060254248411476308e+00	1.111450208078103117e+02
6.000000000000000000e+00	2.191367317261216030e+00	1.081981697152606614e+02
7.000000000000000000e+00	2.240231875390775063e+00	1.109798225835605763e+02
8.000000000000000000e+00	2.012330825956423652e+00	1.087825913040391868e+02
9.000000000000000000e+00	2.703879616458690904e+00	1.091224923523732713e+02
1.000000000000000000e+01	2.405906484654433353e+00	1.114778164592749619e+02
1.100000000000000000e+01	1.766066225733366135e+00	1.095545493286362415e+02
1.200000000000000000e+01	3.124443183644754818e+00	1.136376336887441312e+02
1.300000000000000000e+01	2.248735609970122784e+00	1.110053835778495426e+02
1.400000000000000000e+01	2.912143550560704952e+00	1.108111213310650953e+02
1.500000000000000000e+01	1.806389881924399976e+00	1.096757563978353005e+02
1.600000000000000000e+01	3.064661778601592168e+00	1.097731677021303511e+02
1.700000000000000000e+01	1.512600268825866845e+00	1.110659960253300653e+02
1.800000000000000000e+01	1.582417857348362045e+00	1.090025289366935652e+02
1.900000000000000000e+01	1.584707899117056229e+00	1.090094124705133254e+02
2.000000000000000000e+01	1.418999323099423338e+00	1.106439696996907571e+02
2.100000000000000000e+01	2.876387821799277766e+00	1.128920152044984349e+02
2.200000000000000000e+01	1.954404225567927256e+00	1.101206660733732150e+02
2.300000000000000000e+01	2.044836112448345400e+00	1.088558709408824399e+02
2.400000000000000000e+01	2.127942816957263616e+00	1.090432259770291523e+02
2.500000000000000000e+01	3.170011478918245196e+00	1.113924565593597151e+02
2.600000000000000000e+01	1.439063234652125489e+00	1.085716257073129896e+02
2.700000000000000000e+01	2.781738125061028910e+00	1.105171364672374352e+02
2.800000000000000000e+01	2.915739830499716412e+00	1.108192287534679963e+02
2.900000000000000000e+01	2.478799545340549138e+00	1.098341943521680832e+02
3.000000000000000000e+01	2.398803709758912994e+00	1.096538524320360466e+02
3.100000000000000000e+01	1.897332060857116698e+00	1.099491154137635931e+02
3.200000000000000000e+01	2.012493579609343719e+00	1.087829582144672429e+02
3.300000000000000000e+01	1.615585080751189562e+00	1.091022248056168138e+02
3.400000000000000000e+01	2.938958170886881938e+00	1.108715719793028995e+02
3.500000000000000000e+01	1.808423153215017232e+00	1.083229036094927267e+02
3.600000000000000000e+01	2.094250624280920903e+00	1.089672705891451301e+02
3.700000000000000000e+01	2.315948307349344759e+00	1.094670639291694556e+02
3.800000000000000000e+01	2.323962771129426841e+00	1.094851316670263230e+02
3.900000000000000000e+01	1.135141193606256982e+00	1.093641150736172563e+02
4.000000000000000000e+01	3.519208908470337072e+00	1.121796842255590434e+02
4.100000000000000000e+01	2.315970092443285999e+00	1.094671130412969120e+02
4.200000000000000000e+01	3.501827403844644415e+00	1.105616016269598560e+02
4.300000000000000000e+01	2.550464797557721042e+00	1.099957558771852462e+02
4.400000000000000000e+01	1.898045455060959563e+00	1.085249473519454995e+02
4.500000000000000000e+01	2.295100972044469056e+00	1.094200658766935845e+02
4.600000000000000000e+01	3.783399837769390039e+00	1.110694211955264592e+02
4.700000000000000000e+01	1.643743030338818745e+00	1.079516501642209789e+02
4.800000000000000000e+01	2.142251181955865391e+00	1.090754826313791739e+02
4.900000000000000000e+01	2.075658178994789438e+00	1.089253559412328798e+02
5.000000000000000000e+01	2.041140015081150061e+00	1.088475384909324077e+02
5.100000000000000000e+01	2.246109141793862118e+00	1.093096191181350036e+02
5.200000000000000000e+01	3.652008685071372884e+00	1.152234191625492912e+02
5.300000000000000000e+01	1.498986497253134598e+00	1.087517463541686453e+02
5.400000000000000000e+01	2.499154714166331281e+00	1.117581071291882751e+02
5.500000000000000000e+01	1.487664014629610509e+00	1.087177126115845880e+02
5.600000000000000000e+01	1.973338321029200593e+00	1.101775792215243541e+02
5.700000000000000000e+01	1.881876388182821547e+00	1.099026579006235096e+02
5.800000000000000000e+01	2.253421321612633310e+00	1.093261036331010558e+02
5.900000000000000000e+01	1.767991702478160176e+00	1.095603370328052648e+02
6.000000000000000000e+01	1.713277514793915213e+00	1.093958741105594186e+02
6.100000000000000000e+01	2.727479075351836535e+00	1.103948153346691186e+02
6.200000000000000000e+01	1.488606586766761053e+00	1.109578137265362443e+02
6.300000000000000000e+01	2.190676506220705644e+00	1.091846522637411852e+02
6.400000000000000000e+01	3.599354930305808775e+00	1.123603647242833006e+02
6.500000000000000000e+01	1.594840655484075498e+00	1.090398700683148689e+02
6.600000000000000000e+01	2.021178933783866594e+00	1.088025384018291390e+02
6.700000000000000000e+01	1.842797229285013882e+00	1.097851916100091785e+02
6.800000000000000000e+01	1.351570054612329264e+00	1.103399457798543040e+02
6.900000000000000000e+01	2.037152403219075314e+00	1.088385488532254186e+02
7.000000000000000000e+01	3.415817876450392809e+00	1.104064823189893758e+02
7.100000000000000000e+01	1.558226550031188484e+00	1.089298133712667322e+02
7.200000000000000000e+01	2.296103038135523633e+00	1.094223249258259045e+02
7.300000000000000000e+01	2.040629234784287149e+00	1.088463869922471190e+02
7.400000000000000000e+01	1.495316759933760675e+00	1.087407156553871488e+02
7.500000000000000000e+01	1.861630560505609600e+00	1.084428539284845243e+02
7.600000000000000000e+01	1.519248675737844279e+00	1.110959722474572970e+02
7.700000000000000000e+01	1.766194799041413299e+00	1.082277043729285708e+02
7.800000000000000000e+01	1.842144681059356248e+00	1.097832301445714052e+02
7.900000000000000000e+01	2.474528385057202406e+00	1.116840839512723704e+02
8.000000000000000000e+01	1.713097220111135410e+00	1.093953321708605841e+02
8.100000000000000000e+01	1.315598135317150419e+00	1.082005075039470370e+02
8.200000000000000000e+01	1.829581265052813599e+00	1.097454663360003906e+02
8.300000000000000000e+01	1.961071928533338005e+00	1.101407082225994287e+02
8.400000000000000000e+01	2.609641041662176253e+00	1.101291622902866862e+02
8.500000000000000000e+01	3.362381814477439335e+00	1.118261345807085405e+02
8.600000000000000000e+01	1.451298925208794444e+00	1.086084044206562140e+02
8.700000000000000000e+01	3.724650590107901227e+00	1.126428301764987481e+02
8.800000000000000000e+01	2.066363274843374676e+00	1.104571987570341633e+02
8.900000000000000000e+01	2.236321241973880714e+00	1.109680677860063014e+02
9.000000000000000000e+01	2.384885815506507356e+00	1.114146313728841733e+02
9.100000000000000000e+01	2.624105765802470014e+00	1.081898509887523687e+02
9.200000000000000000e+01	2.689337744499597171e+00	1.090962658960349074e+02
9.300000000000000000e+01	2.585471243425943033e+00	1.089089413023999668e+02
9.400000000000000000e+01	2.385173102347552643e+00	1.085477009843427538e+02
9.500000000000000000e+01	2.119862701133135907e+00	1.090250102337718090e+02
9.600000000000000000e+01	2.046965768094288318e+00	1.088606720181587377e+02
9.700000000000000000e+01	1.658658096743559796e+00	1.092316960521046241e+02
9.800000000000000000e+01	2.649971747623240947e+00	1.082287256859474809e+02
9.900000000000000000e+01	2.211297780328937090e+00	1.092311406858097484e+02
1.000000000000000000e+02	2.495420519747987953e+00	1.087465336440584167e+02
1.010000000000000000e+02	1.556184325380082223e+00	1.089236747398035021e+02
1.020000000000000000e+02	2.433737128653662207e+00	1.086352868411784982e+02
1.030000000000000000e+02	2.217281894032720135e+00	1.092446312200079745e+02
1.040000000000000000e+02	1.534010370986292893e+00	1.088570230450292939e+02
1.050000000000000000e+02	2.811162103717020688e+00	1.084709831160862592e+02
1.060000000000000000e+02	1.946577793857814598e+00	1.086343582369432568e+02
1.070000000000000000e+02	1.583680393652454832e+00	1.090063239379318247e+02
1.080000000000000000e+02	1.811460159492808142e+00	1.083297502101889620e+02
1.090000000000000000e+02	1.886217703151241043e+00	1.084982829702969411e+02
1.100000000000000000e+02	1.360138649276019240e+00	1.083343898367394331e+02
1.110000000000000000e+02	2.078058935499449422e+00	1.089307681859412753e+02
1.120000000000000000e+02	1.059266000508047423e+00	1.090220103149325155e+02
1.130000000000000000e+02	1.131848402711956636e+00	1.093492685949686063e+02
1.140000000000000000e+02	1.995148744738096003e+00	1.087438561686880973e+02
1.150000000000000000e+02	1.927623370951577542e+00	1.085916275498137225e+02
1.160000000000000000e+02	2.125229105444542910e+00	1.090371082092562460e+02
1.170000000000000000e+02	1.651877340800068872e+00	1.092113140820032413e+02
1.180000000000000000e+02	1.757517414521096555e+00	1.121702742169832021e+02
1.190000000000000000e+02	1.795009579103174602e+00	1.096415488561128058e+02
1.200000000000000000e+02	2.035838310212551239e+00	1.088355863733124806e+02
1.210000000000000000e+02	1.487689324920028255e+00	1.087177886906511048e+02
1.220000000000000000e+02	3.342727378087435142e+00	1.117818257892331388e+02
1.230000000000000000e+02	2.878589919910015560e+00	1.107354783162137721e+02
1.240000000000000000e+02	2.294489379032314424e+00	1.111429127797295990e+02
1.250000000000000000e+02	2.079721492939483163e+00	1.089345162410604502e+02
1.260000000000000000e+02	2.701981804279977695e+00	1.103373345072011205e+02
1.270000000000000000e+02	3.044271649496171239e+00	1.111089897749930344e+02
1.280000000000000000e+02	2.154666742937316304e+00	1.107226261904264675e+02
1.290000000000000000e+02	2.837800665932597610e+00	1.106435233746901616e+02
1.300000000000000000e+02	2.767762076458873288e+00	1.104856289840985255e+02
1.310000000000000000e+02	1.902844323715356722e+00	1.128255216723135845e+02
1.320000000000000000e+02	2.449772049999709989e+00	1.116096699943084189e+02
1.330000000000000000e+02	2.403071193630401670e+00	1.114692939851788225e+02
1.340000000000000000e+02	2.520072886115120703e+00	1.099272406147820220e+02
1.350000000000000000e+02	1.685456592079670468e+00	1.093122484470374474e+02
1.360000000000000000e+02	2.503823430700225394e+00	1.117721406147758216e+02
1.370000000000000000e+02	1.798160340751868258e+00	1.096510195892073938e+02
1.380000000000000000e+02	3.575456189326648548e+00	1.123064876092361999e+02
1.390000000000000000e+02	2.331162420292014481e+00	1.095013624938539607e+02
1.400000000000000000e+02	2.456709949243821800e+00	1.086767186236802445e+02
1.410000000000000000e+02	2.705673909464341165e+00	1.123788739137485067e+02
1.420000000000000000e+02	2.863371192551944944e+00	1.107011693488310868e+02
1.430000000000000000e+02	3.264637588560214798e+00	1.116057808428474800e+02
1.440000000000000000e+02	2.331862966409946836e+00	1.095029417989656508e+02
1.450000000000000000e+02	1.822990571749286914e+00	1.097256556666621350e+02
1.460000000000000000e+02	3.361412495812179380e+00	1.103083615031896869e+02
1.470000000000000000e+02	2.914303857937691866e+00	1.108159915093388577e+02
1.480000000000000000e+02	1.515048616491100564e+00	1.088000267578288884e+02
1.490000000000000000e+02	2.180502591294820824e+00	1.091617162778907471e+02
1.500000000000000000e+02	1.699470633558805677e+00	1.093543726256405080e+02
1.510000000000000000e+02	1.649534419157848486e+00	1.092042715989438761e+02
1.520000000000000000e+02	3.303258502925542572e+00	1.116928474982959472e+02
1.530000000000000000e+02	2.743229963636812485e+00	1.104303240010446103e+02
1.540000000000000000e+02	2.820543385551532722e+00	1.106046187109967462e+02
1.550000000000000000e+02	2.935496690161883304e+00	1.130696879002471320e+02
1.560000000000000000e+02	1.760065771106117394e+00	1.095365128312565020e+02
1.570000000000000000e+02	2.815349134845181567e+00	1.093235290872067935e+02
1.580000000000000000e+02	1.630012525947067470e+00	1.091455916159064827e+02
1.590000000000000000e+02	2.988486284318638386e+00	1.096357842015407584e+02
1.600000000000000000e+02	1.490388414502656023e+00	1.087259017629446021e+02
1.610000000000000000e+02	1.975973092002422771e+00	1.101854989613952256e+02
1.620000000000000000e+02	2.662170366102052821e+00	1.102475839451621908e+02
1.630000000000000000e+02	1.560877169733533965e+00	1.089377807501214761e+02
1.640000000000000000e+02	2.454766428494144392e+00	1.097800143013276113e+02
1.650000000000000000e+02	2.167509454043838879e+00	1.091324246616041762e+02
1.660000000000000000e+02	2.241989579605045080e+00	1.093003320127521505e+02
1.670000000000000000e+02	1.339062026806766337e+00	1.082710365627701634e+02
1.680000000000000000e+02	2.592075769343276104e+00	1.100895632922313609e+02
1.690000000000000000e+02	1.304944549888182870e+00	1.101297215103547416e+02
1.700000000000000000e+02	3.074532763602110030e+00	1.111772101690113033e+02
1.710000000000000000e+02	1.838039571161993901e+00	1.097708907788888411e+02
1.720000000000000000e+02	1.787940810453592100e+00	1.096203011615386202e+02
1.730000000000000000e+02	2.235873509579299423e+00	1.092865439973625428e+02
1.740000000000000000e+02	1.458019441789213388e+00	1.086286053199585240e+02
1.750000000000000000e+02	2.099026976599146721e+00	1.105553811128268507e+02
1.760000000000000000e+02	1.516032639385106240e+00	1.088029845881020634e+02
1.770000000000000000e+02	2.224187593860109224e+00	1.092601993699956608e+02
1.780000000000000000e+02	2.116376449160023654e+00	1.106075311140888999e+02
1.790000000000000000e+02	1.989863563170767513e+00	1.102272517055445178e+02
1.800000000000000000e+02	1.142135183147917399e+00	1.093956494527297565e+02
1.810000000000000000e+02	1.704028185079417002e+00	1.080875564958734998e+02
1.820000000000000000e+02	2.320642980797438248e+00	1.094776475604030992e+02
1.830000000000000000e+02	2.290690079166694204e+00	1.094101219979242643e+02
1.840000000000000000e+02	1.661135206891383387e+00	1.092391418863732042e+02
1.850000000000000000e+02	2.375877144671191044e+00	1.096021669819136832e+02
1.860000000000000000e+02	1.984191673306038739e+00	1.102102028262448385e+02
1.870000000000000000e+02	2.556491981683592929e+00	1.100093435089706446e+02
1.880000000000000000e+02	1.936741800201914776e+00	1.100675753813134605e+02
1.890000000000000000e+02	3.029489286631818601e+00	1.133522160294068044e+02
1.900000000000000000e+02	1.945219881470505729e+00	1.100930592654664366e+02
1.910000000000000000e+02	1.452690043357620198e+00	1.086125859202932844e+02
1.920000000000000000e+02	1.655377088072499836e+00	1.092218338153284805e+02
1.930000000000000000e+02	1.765672384303132336e+00	1.095533654983490806e+02
1.940000000000000000e+02	2.935778694853140802e+00	1.108644041960205584e+02
1.950000000000000000e+02	2.591532080692406481e+00	1.120357801111199620e+02
1.960000000000000000e+02	2.434444053051824319e+00	1.097341997138273371e+02
1.970000000000000000e+02	1.787826135723379117e+00	1.096199564659114429e+02
1.980000000000000000e+02	1.943379307460164407e+00	1.086271475968608797e+02
1.990000000000000000e+02	2.682035106687529868e+00	1.102923668445976801e+02
2.000000000000000000e+02	1.884951746231601000e+00	1.099119019814197600e+02
2.010000000000000000e+02	2.380507216356737121e+00	1.114014699381266951e+02
2.020000000000000000e+02	2.152911825597982443e+00	1.090995158942394880e+02
2.030000000000000000e+02	2.159238982233524062e+00	1.091137797814572821e+02
2.040000000000000000e+02	1.479970227616123513e+00	1.086945862023490434e+02
2.050000000000000000e+02	3.451774410768828183e+00	1.120276604769450444e+02
2.060000000000000000e+02	2.357129469363575147e+00	1.113311998171809591e+02
2.070000000000000000e+02	2.110230995651684260e+00	1.105890587710772479e+02
2.080000000000000000e+02	3.395132743600002279e+00	1.103691764112575413e+02
2.090000000000000000e+02	1.620694615311081055e+00	1.091175833263333175e+02
2.100000000000000000e+02	2.150998388217088220e+00	1.107115996475377386e+02
2.110000000000000000e+02	2.489692840155205644e+00	1.098587521018203574e+02
2.120000000000000000e+02	1.689448050416210378e+00	1.093242461925918150e+02
2.130000000000000000e+02	1.794065602211067034e+00	1.082905360706374864e+02
2.140000000000000000e+02	2.900221046277753345e+00	1.107842433404855029e+02
2.150000000000000000e+02	2.763391270294296209e+00	1.104757754764688684e+02
2.160000000000000000e+02	2.052213406675592822e+00	1.088725022492080399e+02
2.170000000000000000e+02	2.212393421084847045e+00	1.092336106888575245e+02
2.180000000000000000e+02	3.093447634112699518e+00	1.088952378222377746e+02
2.190000000000000000e+02	3.341865655859145967e+00	1.102731085215912117e+02
2.200000000000000000e+02	3.434380682448826327e+00	1.145692609124005799e+02
2.210000000000000000e+02	2.902152044579466406e+00	1.107885965663624575e+02
2.220000000000000000e+02	2.649077992596016617e+00	1.122087547861638512e+02
2.230000000000000000e+02	3.128898833764689247e+00	1.136510267275562711e+02
2.240000000000000000e+02	3.028874850971267296e+00	1.133503691248187550e+02
2.250000000000000000e+02	1.907548553155896887e+00	1.085463710541317823e+02
2.260000000000000000e+02	1.906045161157186030e+00	1.099753057310801978e+02
2.270000000000000000e+02	2.272270166896221966e+00	1.093685963069508773e+02
2.280000000000000000e+02	1.191306979133173627e+00	1.096173543962395343e+02
2.290000000000000000e+02	1.951333630422354526e+00	1.086450797537778357e+02
2.300000000000000000e+02	1.566256534892389141e+00	1.089539503425306322e+02
2.310000000000000000e+02	2.974988937973001679e+00	1.109527994291182011e+02
2.320000000000000000e+02	1.970389727362078514e+00	1.101687161760961970e+02
2.330000000000000000e+02	2.517833755829521625e+00	1.118142536225696375e+02
2.340000000000000000e+02	2.638211556681246517e+00	1.101935714123395798e+02
2.350000000000000000e+02	2.732719602654619884e+00	1.104066295341135913e+02
2.360000000000000000e+02	2.178238317130425816e+00	1.091566117177902981e+02
2.370000000000000000e+02	3.495059427975001576e+00	1.121252418455144522e+02
2.380000000000000000e+02	2.296657694433705821e+00	1.094235753381892522e+02
2.390000000000000000e+02	1.740608284331595090e+00	1.094780264446365550e+02
2.400000000000000000e+02	1.804787927134213543e+00	1.096709411537962211e+02
2.410000000000000000e+02	3.186476377123955928e+00	1.114295748835275504e+02
2.420000000000000000e+02	2.198312279381879453e+00	1.092018662847407313e+02
2.430000000000000000e+02	2.465527770610152380e+00	1.116570294080794241e+02
2.440000000000000000e+02	1.817009212405475527e+00	1.083422599471009988e+02
2.450000000000000000e+02	1.786584121186888696e+00	1.096162231501337914e+02
2.460000000000000000e+02	2.771140451331054244e+00	1.104932451632026726e+02
2.470000000000000000e+02	1.970534239052383896e+00	1.101691505573031833e+02
2.480000000000000000e+02	1.933988669816738337e+00	1.100592998701958862e+02
2.490000000000000000e+02	1.712915765160837545e+00	1.093947867435656605e+02
2.500000000000000000e+02	1.728736801187013672e+00	1.094423424860147378e+02
2.510000000000000000e+02	1.929471707916933676e+00	1.085957944246886484e+02
2.520000000000000000e+02	1.969362080063266740e+00	1.086857229347835272e+02
2.530000000000000000e+02	2.202870382730417020e+00	1.092121420335226247e+02
2.540000000000000000e+02	1.918169211287571896e+00	1.085703141740030304e+02
2.550000000000000000e+02	2.237230052762170907e+00	1.092896021765860155e+02
2.560000000000000000e+02	1.873595601729949323e+00	1.098777670561062934e+02
2.570000000000000000e+02	2.930740447889855105e+00	1.130553913249697757e+02
2.580000000000000000e+02	2.608953903355274218e+00	1.101276132116282724e+02
2.590000000000000000e+02	2.367643954573842358e+00	1.095836061493381806e+02
2.600000000000000000e+02	2.736318349389007309e+00	1.104147425176386577e+02
2.610000000000000000e+02	1.645711486629352738e+00	1.091927804175557384e+02
2.620000000000000000e+02	2.527394950430289722e+00	1.118429931884986530e+02
2.630000000000000000e+02	2.506790416929190801e+00	1.098972967310827187e+02
2.640000000000000000e+02	2.297318097555101968e+00	1.094250641452766217e+02
2.650000000000000000e+02	3.893860794111595691e+00	1.130242961974995382e+02
2.660000000000000000e+02	1.250239241220006292e+00	1.080040481362231048e+02
2.670000000000000000e+02	3.522269732866996961e+00	1.105984696348110958e+02
2.680000000000000000e+02	2.629690043676109923e+00	1.101743605870934601e+02
2.690000000000000000e+02	1.399238985958597414e+00	1.084519197847069307e+02
2.700000000000000000e+02	2.171989105493499217e+00	1.107746947029415878e+02
2.710000000000000000e+02	1.908709646567952944e+00	1.099833147882458633e+02
2.720000000000000000e+02	3.117212164565247079e+00	1.098679430107644777e+02
2.730000000000000000e+02	2.109968143555729370e+00	1.105882686757537385e+02
2.740000000000000000e+02	2.034735225891400656e+00	1.103621294235443742e+02
2.750000000000000000e+02	3.784581149296872393e+00	1.127779371110053148e+02
2.760000000000000000e+02	3.790381840914639255e+00	1.110820133295487011e+02
2.770000000000000000e+02	1.937366951342895938e+00	1.100694544950834342e+02
2.780000000000000000e+02	3.365856808672194056e+00	1.118339685775781618e+02
2.790000000000000000e+02	3.011940781649199206e+00	1.096780846943458556e+02
2.800000000000000000e+02	1.898401340046254493e+00	1.099523295121096567e+02
2.810000000000000000e+02	1.646643906227093890e+00	1.091955831357956299e+02
2.820000000000000000e+02	1.812800318544789846e+00	1.124195328187496301e+02
2.830000000000000000e+02	2.324721020764676460e+00	1.094868410584485900e+02
2.840000000000000000e+02	2.847148413629617014e+00	1.128041257791802110e+02
2.850000000000000000e+02	1.975881779189889276e+00	1.087004208881285905e+02
2.860000000000000000e+02	2.448800402625922690e+00	1.116067493630562808e+02
2.870000000000000000e+02	2.210399759356767913e+00	1.108901515642621689e+02
2.880000000000000000e+02	2.654103895181443296e+00	1.102293989628573740e+02
2.890000000000000000e+02	1.400844558970450349e+00	1.084567459045962181e+02
2.900000000000000000e+02	2.414669197259192046e+00	1.115041559039926113e+02
2.910000000000000000e+02	2.696058758130698507e+00	1.103239816431698159e+02
2.920000000000000000e+02	1.513281362199373259e+00	1.087947146474335653e+02
2.930000000000000000e+02	3.322711860606060608e+00	1.117367029796670863e+02
2.940000000000000000e+02	3.753079036792104528e+00	1.127069190209257670e+02
2.950000000000000000e+02	2.746400789247153362e+00	1.104374722828872279e+02
2.960000000000000000e+02	2.598592835173588966e+00	1.101042553090959757e+02
2.970000000000000000e+02	2.453907877891794431e+00	1.097780787922722538e+02
2.980000000000000000e+02	2.138524054363600158e+00	1.106741036070142883e+02
2.990000000000000000e+02	2.512744298252102659e+00	1.155754281317365013e+02
3.000000000000000000e+02	1.764876982351252455e+00	1.095509746353041720e+02
3.010000000000000000e+02	1.553605539070428199e+00	1.089159232817213478e+02
3.020000000000000000e+02	2.811695946503961707e+00	1.105846731208983300e+02
3.030000000000000000e+02	2.116493271219825889e+00	1.090174142201056213e+02
3.040000000000000000e+02	2.237585720501501285e+00	1.092904039908626572e+02
3.050000000000000000e+02	1.764323282910648993e+00	1.082234852431435428e+02
3.060000000000000000e+02	2.726687273899246478e+00	1.103930303043198933e+02
3.070000000000000000e+02	1.786091154240999845e+00	1.096147413629059457e+02
3.080000000000000000e+02	2.826353156772497321e+00	1.127416182494822152e+02
3.090000000000000000e+02	2.358624493927015564e+00	1.113356936444484262e+02
3.100000000000000000e+02	1.822681672064569547e+00	1.097247271589572932e+02
3.110000000000000000e+02	1.913662380490138704e+00	1.099982019889596785e+02
3.120000000000000000e+02	1.836085335043283973e+00	1.097650166282079311e+02
3.130000000000000000e+02	3.160399153322805077e+00	1.099458313100303428e+02
3.140000000000000000e+02	2.585051372410113846e+00	1.120163000408230545e+02
3.150000000000000000e+02	3.718096545175195722e+00	1.126280547942653811e+02
3.160000000000000000e+02	2.550879658085725588e+00	1.099966911351729095e+02
3.170000000000000000e+02	2.521424376808214962e+00	1.099302874037162354e+02
3.180000000000000000e+02	2.110607035652635854e+00	1.105901890928467282e+02
3.190000000000000000e+02	2.053797879654760461e+00	1.104194289993285594e+02
3.200000000000000000e+02	2.120643052159469022e+00	1.106203559046423379e+02
3.210000000000000000e+02	2.635514104762681775e+00	1.089991942575619817e+02
3.220000000000000000e+02	2.917752869930654747e+00	1.095082155632437662e+02
3.230000000000000000e+02	2.425572596476302412e+00	1.086205620005751200e+02
3.240000000000000000e+02	2.018400666496252605e+00	1.087962751000754338e+02
3.250000000000000000e+02	2.332018363430296226e+00	1.112557194703567234e+02
3.260000000000000000e+02	2.697971295818094806e+00	1.123557209729335256e+02
3.270000000000000000e+02	3.256751668230853269e+00	1.140353338271164176e+02
3.280000000000000000e+02	2.633114556978500609e+00	1.101820807802757685e+02
3.290000000000000000e+02	2.579276294862616670e+00	1.100607082676198871e+02
3.300000000000000000e+02	1.937648665444422491e+00	1.100703012868633550e+02
3.310000000000000000e+02	2.276514815137089975e+00	1.110888838444676168e+02
3.320000000000000000e+02	3.518562914704097544e+00	1.105917843397557334e+02
3.330000000000000000e+02	3.870145110965697910e+00	1.129708317664491233e+02
3.340000000000000000e+02	1.176466947501169757e+00	1.095504439182158478e+02
3.350000000000000000e+02	1.543882168736891103e+00	1.088866962390325170e+02
3.360000000000000000e+02	2.927089675301252747e+00	1.130444176314217515e+02
3.370000000000000000e+02	2.883756434986890049e+00	1.107471256631360177e+02
3.380000000000000000e+02	2.208702421923686821e+00	1.108850496138157382e+02
3.390000000000000000e+02	2.961174368747426566e+00	1.109216559836897886e+02
3.400000000000000000e+02	1.568337890726199557e+00	1.089602065966605124e+02
3.410000000000000000e+02	1.877092869903500771e+00	1.098882793376194513e+02
3.420000000000000000e+02	1.811208491400857268e+00	1.096902404398946231e+02
3.430000000000000000e+02	2.291872186425236269e+00	1.094127869303080303e+02
3.440000000000000000e+02	1.791807656414058592e+00	1.096319243403419392e+02
3.450000000000000000e+02	2.486173463777572756e+00	1.098508180501413563e+02
3.460000000000000000e+02	2.842038015334653167e+00	1.106530760185481910e+02
3.470000000000000000e+02	2.342285701816660737e+00	1.148068673595245883e+02
3.480000000000000000e+02	2.067317412702019297e+00	1.089065525898124633e+02
3.490000000000000000e+02	2.678536063021727642e+00	1.090767849221645918e+02
3.500000000000000000e+02	2.293331637197078443e+00	1.111394327754841242e+02
3.510000000000000000e+02	1.301043157666812222e+00	1.101121309805659223e+02
3.520000000000000000e+02	2.369277509720570052e+00	1.113677150667210185e+02
3.530000000000000000e+02	1.645587435605417870e+00	1.091924075381479042e+02
3.540000000000000000e+02	1.894091718334169450e+00	1.099393754135377321e+02
3.550000000000000000e+02	3.555085875254699879e+00	1.106576539769608445e+02
3.560000000000000000e+02	1.689688385839328344e+00	1.093249686060585617e+02
3.570000000000000000e+02	2.083338865779465365e+00	1.089426712151169454e+02
3.580000000000000000e+02	2.195246084684313814e+00	1.108446018133679871e+02
3.590000000000000000e+02	1.856427042208430578e+00	1.098261608532333611e+02
3.600000000000000000e+02	1.793833029121336464e+00	1.096380123173031933e+02
3.610000000000000000e+02	1.729562020973908432e+00	1.081451197547615095e+02
3.620000000000000000e+02	1.525201733579763408e+00	1.088305455570102396e+02
3.630000000000000000e+02	2.891589304980324737e+00	1.094610292315420139e+02
3.640000000000000000e+02	1.632367686487126157e+00	1.091526708873198004e+02
3.650000000000000000e+02	4.093059455103182032e+00	1.134733679366689216e+02
3.660000000000000000e+02	1.922086869763795836e+00	1.100235247833392691e+02
3.670000000000000000e+02	2.515953312135133846e+00	1.099179534828172677e+02
3.680000000000000000e+02	1.539093145693262832e+00	1.088723011295043790e+02
3.690000000000000000e+02	1.806210070304334003e+00	1.096752159101529998e+02
3.700000000000000000e+02	2.705225011094957388e+00	1.103446459646056894e+02
3.710000000000000000e+02	3.956314440699222335e+00	1.113812749442572994e+02
3.720000000000000000e+02	1.976226906561916241e+00	1.101862618911932969e+02
3.730000000000000000e+02	1.791263367493693304e+00	1.096302882866933714e+02
3.740000000000000000e+02	1.919343379450718867e+00	1.100152782488819554e+02
3.750000000000000000e+02	2.508856500408627177e+00	1.099019544918164542e+02
3.760000000000000000e+02	2.328005008646771401e+00	1.094942444523383074e+02
3.770000000000000000e+02	1.785868940862737508e+00	1.096140734216808710e+02
3.780000000000000000e+02	2.101919239830403630e+00	1.105640748371248492e+02
3.790000000000000000e+02	2.225483918487585200e+00	1.109354923615082527e+02
3.800000000000000000e+02	2.634133299518393478e+00	1.121638332036704924e+02
3.810000000000000000e+02	2.637043769053575737e+00	1.101909387620078604e+02
3.820000000000000000e+02	3.016708648605956000e+00	1.133137992829126546e+02
3.830000000000000000e+02	1.319766528611877376e+00	1.082130370903548027e+02
3.840000000000000000e+02	2.273106316967470786e+00	1.093704813164425644e+02
3.850000000000000000e+02	3.001005040857220862e+00	1.110114499065384308e+02
3.860000000000000000e+02	3.115313188939032862e+00	1.112691452073241152e+02
3.870000000000000000e+02	2.355801367449396722e+00	1.095569083233097842e+02
3.880000000000000000e+02	2.975237352424445536e+00	1.109533594525098863e+02
3.890000000000000000e+02	3.670474600721687075e+00	1.125206962944044449e+02
3.900000000000000000e+02	2.997606594368688704e+00	1.132563812750114920e+02
3.910000000000000000e+02	3.476631009949921136e+00	1.105161596009109672e+02
3.920000000000000000e+02	1.891444097351218767e+00	1.099314170483990978e+02
3.930000000000000000e+02	2.264388596568327472e+00	1.093508281629436993e+02
3.940000000000000000e+02	2.907851717456242824e+00	1.108014458596194061e+02
3.950000000000000000e+02	2.568481426026600456e+00	1.100363724086429187e+02
3.960000000000000000e+02	1.627927684195418889e+00	1.091393248836125593e+02
3.970000000000000000e+02	2.631442957126219007e+00	1.101783123400205824e+02
3.980000000000000000e+02	2.660885709503869379e+00	1.102446878264337471e+02
3.990000000000000000e+02	2.018167503947382535e+00	1.087957494604410584e+02
4.000000000000000000e+02	1.748803913679063182e+00	1.081884985113204038e+02
4.010000000000000000e+02	3.169420214787992407e+00	1.099621009124108468e+02
4.020000000000000000e+02	3.475349381304527974e+00	1.105138481668806918e+02
4.030000000000000000e+02	1.024018466767797175e+00	1.088630868442688779e+02
4.040000000000000000e+02	2.150309234628657418e+00	1.090936486356589086e+02
4.050000000000000000e+02	2.184279865369158635e+00	1.091702317319075490e+02
4.060000000000000000e+02	2.660642315460598262e+00	1.102441391210068389e+02
4.070000000000000000e+02	2.365569773096338313e+00	1.095789301325475975e+02
4.080000000000000000e+02	1.812753259769696701e+00	1.124193206409581762e+02
4.090000000000000000e+02	2.011020894768766887e+00	1.087796382064947380e+02
4.100000000000000000e+02	2.581673060542228448e+00	1.100661115154467780e+02
4.110000000000000000e+02	2.941258798311060296e+00	1.095506088126201831e+02
4.120000000000000000e+02	1.957743647451179569e+00	1.101307038918034351e+02
4.130000000000000000e+02	1.751512279876473066e+00	1.095108022756845259e+02
4.140000000000000000e+02	2.456101001493564695e+00	1.097830229511594666e+02
4.150000000000000000e+02	2.131348573585455153e+00	1.106525351512400022e+02
4.160000000000000000e+02	1.797589648301574083e+00	1.096493041703726732e+02
4.170000000000000000e+02	1.722566511082857188e+00	1.094237954877939245e+02
4.180000000000000000e+02	2.018972733759762495e+00	1.103147496555615845e+02
4.190000000000000000e+02	1.821567925595681814e+00	1.097213793984098515e+02
4.200000000000000000e+02	1.523189968848855491e+00	1.088244984836546791e+02
4.210000000000000000e+02	1.648526154512165443e+00	1.092012409014768508e+02
4.220000000000000000e+02	3.689707022428487804e+00	1.097913724956140982e+02
4.230000000000000000e+02	1.834112283883684080e+00	1.097590859222396489e+02
4.240000000000000000e+02	2.676293864102603060e+00	1.102794238369500732e+02
4.250000000000000000e+02	2.420770936810836105e+00	1.097033751587844392e+02
4.260000000000000000e+02	1.867340394389037206e+00	1.098589648089729423e+02
4.270000000000000000e+02	2.814696860231437725e+00	1.105914383548611823e+02
4.280000000000000000e+02	3.386704777010248968e+00	1.103539764632447060e+02
4.290000000000000000e+02	2.453487403583418214e+00	1.097771308786266786e+02
4.300000000000000000e+02	2.311353825583818633e+00	1.094567061691988243e+02
4.310000000000000000e+02	1.842838033614927706e+00	1.084004882183327823e+02
4.320000000000000000e+02	1.788070974348632491e+00	1.096206924153514706e+02
4.330000000000000000e+02	3.433539494696768557e+00	1.119865518398019759e+02
4.340000000000000000e+02	2.341672178624711886e+00	1.095250556021771899e+02
4.350000000000000000e+02	1.521001602780418516e+00	1.111038758145970320e+02
4.360000000000000000e+02	1.880169724868069769e+00	1.098975279179277180e+02
4.370000000000000000e+02	2.430064123557269973e+00	1.097243256386414458e+02
4.380000000000000000e+02	2.625097688731896195e+00	1.101640076218103843e+02
4.390000000000000000e+02	1.684870147955149555e+00	1.118427234776331005e+02
4.400000000000000000e+02	3.798403006008118421e+00	1.099547346860486954e+02
4.410000000000000000e+02	3.303161501098579755e+00	1.116926288182158657e+02
4.420000000000000000e+02	1.106936657326205831e+00	1.092369469481218403e+02
4.430000000000000000e+02	2.442313876580367804e+00	1.097519413759516027e+02
4.440000000000000000e+02	2.732594223048494086e+00	1.091742795210486321e+02
4.450000000000000000e+02	3.154631776223226769e+00	1.113577846905691331e+02
4.460000000000000000e+02	1.843321465484817345e+00	1.084015780629607519e+02
4.470000000000000000e+02	2.314633797265060799e+00	1.094641005090000334e+02
4.480000000000000000e+02	2.588160955484056558e+00	1.089137922332879214e+02
4.490000000000000000e+02	2.492353673623757260e+00	1.098647506617876672e+02
4.500000000000000000e+02	1.788955776399212327e+00	1.082790165235041826e+02
4.510000000000000000e+02	1.903165110897036438e+00	1.099666487172041371e+02
4.520000000000000000e+02	3.243972029783162903e+00	1.115591925858043680e+02
4.530000000000000000e+02	2.952768798972461806e+00	1.095713672494053554e+02
4.540000000000000000e+02	3.077096612784829155e+00	1.111829900884430913e+02
4.550000000000000000e+02	2.450558269433453784e+00	1.097705274639228037e+02
4.560000000000000000e+02	3.306378080443247214e+00	1.102091062150231267e+02
4.570000000000000000e+02	3.084729385643438793e+00	1.098093598939870361e+02
4.580000000000000000e+02	3.056515155411933193e+00	1.111365914288784325e+02
4.590000000000000000e+02	2.782317084252778017e+00	1.105184416678339261e+02
4.600000000000000000e+02	1.876805552824415191e+00	1.098874157041006612e+02
4.610000000000000000e+02	1.422271865315599904e+00	1.085211532834961190e+02
4.620000000000000000e+02	2.224264353724709320e+00	1.109318265264979999e+02
4.630000000000000000e+02	2.931477128235895790e+00	1.130576056793739781e+02
4.640000000000000000e+02	2.683380253345606370e+00	1.102953993315941972e+02
4.650000000000000000e+02	2.012211693971829085e+00	1.102944269493676757e+02
4.660000000000000000e+02	2.500676733997692303e+00	1.098835140971377342e+02
4.670000000000000000e+02	2.344562214056752580e+00	1.095315708730693984e+02
4.680000000000000000e+02	1.565623943666411000e+00	1.113050682536197939e+02
4.690000000000000000e+02	1.564034906945785730e+00	1.089472724507496224e+02
4.700000000000000000e+02	2.241154014513620840e+00	1.109825944001821654e+02
4.710000000000000000e+02	3.300403600323869924e+00	1.116864114305527664e+02
4.720000000000000000e+02	2.103200950043766504e+00	1.105679274723568568e+02
4.730000000000000000e+02	3.789771941525484245e+00	1.099417628212821114e+02
4.740000000000000000e+02	2.974360761994985225e+00	1.109513832746242485e+02
4.750000000000000000e+02	2.731945688170869246e+00	1.091731098799116779e+02
4.760000000000000000e+02	2.753914322735530718e+00	1.125238776079039127e+02
4.770000000000000000e+02	1.930590511064805392e+00	1.100490854972470771e+02
4.780000000000000000e+02	2.429786174588222103e+00	1.097236990328886463e+02
4.790000000000000000e+02	2.027252971770720613e+00	1.103396388515418494e+02
4.800000000000000000e+02	3.786503567679323723e+00	1.110750188130270146e+02
4.810000000000000000e+02	3.468758074438999195e+00	1.146725943727915791e+02
4.820000000000000000e+02	2.132017173082777717e+00	1.106545448644752128e+02
4.830000000000000000e+02	3.239232287555707135e+00	1.100880078990412159e+02
4.840000000000000000e+02	1.762797416658681282e+00	1.095447237620795704e+02
4.850000000000000000e+02	1.469526834464729648e+00	1.086631948753727102e+02
4.860000000000000000e+02	2.771672352221103530e+00	1.104944442759706362e+02
4.870000000000000000e+02	1.830463247050725384e+00	1.097481174461216398e+02
4.880000000000000000e+02	1.552299701933010478e+00	1.089119981244506903e+02
4.890000000000000000e+02	2.581832520309211176e+00	1.120066246376927523e+02
4.900000000000000000e+02	1.791706461655081295e+00	1.096316201635555814e+02
4.910000000000000000e+02	1.731866507220858997e+00	1.094517499289812150e+02
4.920000000000000000e+02	2.149053039724256209e+00	1.090908166807268458e+02
4.930000000000000000e+02	2.006695451347404457e+00	1.102778459231251844e+02
4.940000000000000000e+02	1.533822654985527612e+00	1.088564587979236649e+02
4.950000000000000000e+02	2.869189933143728943e+00	1.094206316713701170e+02
4.960000000000000000e+02	2.098719332044916897e+00	1.089773448052941092e+02
4.970000000000000000e+02	2.240213874041094400e+00	1.092963288774806330e+02
4.980000000000000000e+02	3.093819960473548569e+00	1.112206910588910205e+02
4.990000000000000000e+02	2.099034101229293903e+00	1.089780544182220439e+02
5.000000000000000000e+02	1.829082746947888749e+00	1.097439678627926583e+02
5.010000000000000000e+02	3.720531677414709026e+00	1.109560376457844342e+02
5.020000000000000000e+02	2.364290865135101782e+00	1.095760469734965739e+02
5.030000000000000000e+02	3.457310918069125272e+00	1.104813155624274685e+02
5.040000000000000000e+02	1.847849482906766427e+00	1.098003779525234194e+02
5.050000000000000000e+02	1.497145459246693955e+00	1.087462124606152685e+02
5.060000000000000000e+02	1.922539217504686482e+00	1.100248844751209987e+02
5.070000000000000000e+02	1.972169140012961508e+00	1.101740648327578782e+02
5.080000000000000000e+02	2.172176241204935021e+00	1.140398807648777506e+02
5.090000000000000000e+02	1.576137912317167045e+00	1.113524734536754863e+02
5.100000000000000000e+02	2.191919164010581511e+00	1.091874537007192885e+02
5.110000000000000000e+02	2.710900135086736995e+00	1.103574399150685252e+02
5.120000000000000000e+02	2.335197712703465989e+00	1.095104596221792548e+02
5.130000000000000000e+02	1.918910559100448499e+00	1.100139772536076777e+02
5.140000000000000000e+02	2.076095031108859956e+00	1.104864510066196317e+02
5.150000000000000000e+02	2.097412836407832160e+00	1.137027888180611228e+02
5.160000000000000000e+02	2.219037041993384474e+00	1.109161139846654152e+02
5.170000000000000000e+02	1.738725019058117383e+00	1.094723656220354968e+02
5.180000000000000000e+02	2.041191742552220134e+00	1.088476551048959777e+02
5.190000000000000000e+02	2.519432083579854265e+00	1.118190579642523375e+02
5.200000000000000000e+02	2.340582468980461073e+00	1.095225989701762614e+02
5.210000000000000000e+02	2.169355905843281640e+00	1.091365872865773525e+02
5.220000000000000000e+02	2.177450769373170392e+00	1.107911116733836820e+02
5.230000000000000000e+02	2.912574658263619831e+00	1.108120932165434169e+02
5.240000000000000000e+02	1.821893960361650411e+00	1.097223594116867389e+02
5.250000000000000000e+02	2.701076644957908002e+00	1.103352939238509975e+02
5.260000000000000000e+02	2.670303027727698009e+00	1.090619365352940093e+02
5.270000000000000000e+02	2.042515315604854109e+00	1.088506389565428947e+02
5.280000000000000000e+02	3.385861261813599032e+00	1.118790664437918565e+02
5.290000000000000000e+02	3.890019870532370305e+00	1.112617118195892090e+02
5.300000000000000000e+02	3.016152266919209346e+00	1.133121268801601076e+02
5.310000000000000000e+02	2.399863467867921152e+00	1.085741952507617327e+02
5.320000000000000000e+02	2.879242925945075804e+00	1.107369504473736441e+02
5.330000000000000000e+02	2.138554630976915671e+00	1.106741955158845627e+02
5.340000000000000000e+02	2.088328876912791010e+00	1.089539206530748316e+02
5.350000000000000000e+02	3.922950386565008607e+00	1.113211024361040273e+02
5.360000000000000000e+02	2.481675630141217503e+00	1.098406781728775456e+02
5.370000000000000000e+02	2.583826574861840975e+00	1.100709663795107360e+02
5.380000000000000000e+02	2.501262200530405266e+00	1.117644419279068302e+02
5.390000000000000000e+02	2.067261015277432001e+00	1.104598972347316845e+02
5.400000000000000000e+02	1.941111641908389140e+00	1.086220353912460439e+02
5.410000000000000000e+02	1.973650675210185668e+00	1.101785181129445732e+02
5.420000000000000000e+02	2.193434742399307247e+00	1.108391571808514726e+02
5.430000000000000000e+02	1.912643613245131435e+00	1.128697045395061025e+02
5.440000000000000000e+02	1.787723384756721767e+00	1.096196476113902492e+02
5.450000000000000000e+02	2.026358396389068339e+00	1.103369498875333647e+02
5.460000000000000000e+02	2.574813268333393079e+00	1.100506468591974567e+02
5.470000000000000000e+02	1.345157224927186590e+00	1.103110317242540361e+02
5.480000000000000000e+02	2.876770238032822391e+00	1.107313760411218624e+02
5.490000000000000000e+02	3.339863949868239423e+00	1.117753705014115440e+02
5.500000000000000000e+02	3.393146682003678194e+00	1.118954906320823284e+02
5.510000000000000000e+02	1.965010562183353571e+00	1.101525471847983226e+02
5.520000000000000000e+02	1.344484553557274698e+00	1.082873358926714218e+02
5.530000000000000000e+02	2.613494812765288167e+00	1.101378501985438021e+02
5.540000000000000000e+02	2.381725006920861532e+00	1.096153503520116885e+02
5.550000000000000000e+02	1.091170281080535487e+00	1.091658597835214550e+02
5.560000000000000000e+02	2.073431128176613569e+00	1.089203352971223353e+02
5.570000000000000000e+02	1.909695098382863110e+00	1.085512102071335221e+02
5.580000000000000000e+02	1.761484368768977848e+00	1.082170852196463784e+02
5.590000000000000000e+02	1.810360023205593638e+00	1.096876900674093207e+02
5.600000000000000000e+02	1.885053403991423071e+00	1.099122075499195716e+02
5.610000000000000000e+02	2.649050784333764064e+00	1.102180072734489897e+02
5.620000000000000000e+02	2.269894147203736612e+00	1.093632398286979850e+02
5.630000000000000000e+02	2.368314406541415895e+00	1.095851176104574876e+02
5.640000000000000000e+02	2.112340447251026987e+00	1.090080521296535494e+02
5.650000000000000000e+02	2.467561781105127139e+00	1.098088600336317313e+02
5.660000000000000000e+02	1.556678767654296580e+00	1.089251609616545693e+02
5.670000000000000000e+02	2.068381100074172529e+00	1.089089505574281560e+02
5.680000000000000000e+02	2.340348128008691297e+00	1.112807575360242396e+02
5.690000000000000000e+02	2.307206206612638866e+00	1.094473558128483859e+02
5.700000000000000000e+02	2.689000122686050709e+00	1.123287549260686120e+02
5.710000000000000000e+02	3.125509773593926344e+00	1.136408397036244224e+02
5.720000000000000000e+02	2.329317957889728063e+00	1.094972043537605231e+02
5.730000000000000000e+02	2.134306675726556524e+00	1.090575726052199741e+02
5.740000000000000000e+02	2.549278137850425008e+00	1.099930806818003646e+02
5.750000000000000000e+02	2.743571803375397966e+00	1.091940777307945609e+02
5.760000000000000000e+02	3.840624431505958558e+00	1.111726264990345072e+02
5.770000000000000000e+02	1.450659327511911734e+00	1.086064818826319396e+02
5.780000000000000000e+02	1.716033777136394711e+00	1.119832335100358023e+02
5.790000000000000000e+02	2.503626835749656721e+00	1.117715496788332956e+02
5.800000000000000000e+02	2.884202965370927352e+00	1.129155063939680304e+02
5.810000000000000000e+02	1.525624898417625275e+00	1.088318175292129126e+02
5.820000000000000000e+02	2.599266019260634941e+00	1.101057729294818159e+02
5.830000000000000000e+02	2.628376060202647579e+00	1.101713983541109059e+02
5.840000000000000000e+02	1.820389241455431906e+00	1.097178364446292136e+02
5.850000000000000000e+02	2.518539329898762169e+00	1.099237833789061938e+02
5.860000000000000000e+02	2.339492809236922710e+00	1.084653159780546900e+02
5.870000000000000000e+02	2.198204794371467319e+00	1.092016239714625101e+02
5.880000000000000000e+02	1.451610447112510638e+00	1.086093408103715205e+02
5.890000000000000000e+02	3.415542869653476643e+00	1.119459804038940263e+02
5.900000000000000000e+02	2.122399816512266835e+00	1.106256364838008039e+02
5.910000000000000000e+02	1.864686230560688163e+00	1.098509867769888189e+02
5.920000000000000000e+02	2.303444731547469537e+00	1.094388759759812615e+02
5.930000000000000000e+02	2.263685678245851207e+00	1.110503213174097255e+02
5.940000000000000000e+02	2.821097586765111576e+00	1.093338964954548800e+02
5.950000000000000000e+02	2.391522136591422765e+00	1.114345791927236178e+02
5.960000000000000000e+02	2.080796166406323700e+00	1.089369389756330122e+02
5.970000000000000000e+02	1.642265439344357425e+00	1.091824220986136993e+02
5.980000000000000000e+02	1.485014380577416748e+00	1.087097481954513825e+02
5.990000000000000000e+02	2.184156226667808731e+00	1.091699530018881461e+02
6.000000000000000000e+02	2.708556707014641241e+00	1.123875391855807919e+02
6.010000000000000000e+02	2.476159597130926482e+00	1.098282428757479465e+02
6.020000000000000000e+02	3.213060093654227067e+00	1.100408060049131507e+02
6.030000000000000000e+02	1.934534139109631568e+00	1.100609394718732830e+02
6.040000000000000000e+02	1.711528264319057691e+00	1.093906161170295519e+02
6.050000000000000000e+02	2.316565666228366460e+00	1.146909013077887209e+02
6.060000000000000000e+02	2.543380048838645546e+00	1.118910420787023696e+02
6.070000000000000000e+02	2.209131768084344305e+00	1.092262576465317778e+02
6.080000000000000000e+02	3.079112158212133465e+00	1.097992291508210627e+02
6.090000000000000000e+02	2.101582690965688727e+00	1.089837999368899659e+02
6.100000000000000000e+02	3.538292069481300928e+00	1.106273661285249545e+02
6.110000000000000000e+02	2.641294185564518227e+00	1.102005208642431882e+02
6.120000000000000000e+02	2.274718196550379545e+00	1.093741151238387914e+02
6.130000000000000000e+02	2.750764318960445820e+00	1.104473093865480138e+02
6.140000000000000000e+02	1.947330568329530331e+00	1.086360552852042076e+02
6.150000000000000000e+02	3.341262758513960929e+00	1.117785239635290679e+02
6.160000000000000000e+02	2.181791891683704243e+00	1.091646228655408066e+02
6.170000000000000000e+02	2.022842381740025175e+00	1.088062884645201933e+02
6.180000000000000000e+02	2.359270153991118057e+00	1.085009846780779128e+02
6.190000000000000000e+02	1.711618958747006758e+00	1.093908887313419172e+02
6.200000000000000000e+02	2.392812052517189425e+00	1.096403448917511128e+02
6.210000000000000000e+02	3.542752709664909183e+00	1.106354109514573594e+02
6.220000000000000000e+02	2.472420193951953671e+00	1.098198127975502416e+02
6.230000000000000000e+02	2.160928796418558839e+00	1.091175892839467565e+02
6.240000000000000000e+02	2.384624054061188492e+00	1.114138445558984785e+02
6.250000000000000000e+02	2.529869666954230656e+00	1.099493263928077340e+02
6.260000000000000000e+02	1.840962889500960209e+00	1.125465117317183541e+02
6.270000000000000000e+02	2.520048407505155019e+00	1.099271854304153351e+02
6.280000000000000000e+02	2.633376635192203441e+00	1.121615587803168665e+02
6.290000000000000000e+02	2.084009392749652356e+00	1.089441828453215066e+02
6.300000000000000000e+02	2.338741191136739950e+00	1.095184480093241177e+02
6.310000000000000000e+02	2.291243654027197874e+00	1.111331566005420655e+02
6.320000000000000000e+02	1.642651591922138277e+00	1.091835828173241936e+02
6.330000000000000000e+02	2.929276553061139765e+00	1.130509910691754243e+02
6.340000000000000000e+02	2.896040323382052861e+00	1.094690567014649076e+02
6.350000000000000000e+02	2.443929165443253559e+00	1.097555828691991309e+02
6.360000000000000000e+02	2.671305324906724898e+00	1.102681777173152682e+02
6.370000000000000000e+02	2.473655211124366815e+00	1.098225970095864028e+02
6.380000000000000000e+02	2.279758136882209740e+00	1.093854771217501138e+02
6.390000000000000000e+02	1.919881585567782434e+00	1.100168960185049656e+02
6.400000000000000000e+02	2.680746716892975279e+00	1.123039463838483840e+02
6.410000000000000000e+02	2.398606899319162267e+00	1.096534087442821885e+02
6.420000000000000000e+02	1.987618791012165875e+00	1.087268807061085027e+02
6.430000000000000000e+02	2.300355283183245891e+00	1.094319111502987454e+02
6.440000000000000000e+02	1.837769776801197352e+00	1.097700798161228732e+02
6.450000000000000000e+02	2.355121241136581833e+00	1.095553750524302075e+02
6.460000000000000000e+02	2.888975711094717624e+00	1.107588919540702932e+02
6.470000000000000000e+02	2.548006704977082038e+00	1.099902143745228642e+02
6.480000000000000000e+02	1.599086464099312099e+00	1.090526323539616556e+02
6.490000000000000000e+02	2.280700355837437243e+00	1.093876012520168501e+02
6.500000000000000000e+02	2.330162401395906802e+00	1.094991080599002373e+02
6.510000000000000000e+02	1.561427482250416832e+00	1.089394349098286057e+02
6.520000000000000000e+02	2.453628003817663661e+00	1.116212604329091960e+02
6.530000000000000000e+02	1.732157187803239795e+00	1.094526236727036803e+02
6.540000000000000000e+02	2.489383288508819181e+00	1.098580542512649743e+02
6.550000000000000000e+02	2.334493340129852879e+00	1.095088716907389426e+02
6.560000000000000000e+02	2.437079140004046351e+00	1.115715169455646674e+02
6.570000000000000000e+02	3.054099694767322681e+00	1.088361007193857830e+02
6.580000000000000000e+02	1.914400482135342862e+00	1.100004206155832662e+02
6.590000000000000000e+02	1.907325043579366275e+00	1.099791528722366678e+02
6.600000000000000000e+02	2.613976857536910003e+00	1.101389369161094436e+02
6.610000000000000000e+02	1.807106588000596314e+00	1.096779107124778392e+02
6.620000000000000000e+02	1.527493501899556350e+00	1.088374342805924897e+02
6.630000000000000000e+02	2.349426608372624070e+00	1.095425371215600308e+02
6.640000000000000000e+02	3.534762924049667632e+00	1.106210012685650383e+02
6.650000000000000000e+02	2.333546464377453944e+00	1.095067370622289502e+02
6.660000000000000000e+02	1.844859622267510435e+00	1.097913908645549697e+02
6.670000000000000000e+02	2.798091289233451739e+00	1.126566671696924260e+02
6.680000000000000000e+02	1.900325469971029690e+00	1.099581131679328081e+02
6.690000000000000000e+02	2.261737018177177205e+00	1.093448504675428978e+02
6.700000000000000000e+02	1.900025599484965966e+00	1.099572118006911410e+02
6.710000000000000000e+02	3.807216399926899975e+00	1.099679805787516216e+02
6.720000000000000000e+02	2.864492825640251095e+00	1.107036979487682942e+02
6.730000000000000000e+02	2.954918771259501309e+00	1.109075534187957288e+02
6.740000000000000000e+02	1.822739425963448401e+00	1.083551780910055982e+02
6.750000000000000000e+02	2.910557255712710401e+00	1.108075452016740883e+02
6.760000000000000000e+02	3.309763517451380199e+00	1.117075123468039521e+02
6.770000000000000000e+02	2.284713812404413069e+00	1.093966491538031249e+02
6.780000000000000000e+02	1.652343595910799712e+00	1.092127155773240901e+02
6.790000000000000000e+02	1.473588024562527909e+00	1.086754022245000471e+02
6.800000000000000000e+02	1.826932406536083686e+00	1.083646307101581669e+02
6.810000000000000000e+02	2.642452179372639876e+00	1.102031314354727982e+02
6.820000000000000000e+02	2.925702299168394749e+00	1.174373660258192729e+02
6.830000000000000000e+02	2.009276506829891673e+00	1.087757056734064207e+02
6.840000000000000000e+02	2.517438289811438246e+00	1.099213012036523764e+02
6.850000000000000000e+02	2.774898672828968849e+00	1.105017176652559101e+02
6.860000000000000000e+02	2.076203401087552969e+00	1.104867767510770591e+02
6.870000000000000000e+02	2.289014682197707984e+00	1.111264566341129267e+02
6.880000000000000000e+02	3.026742967903256698e+00	1.110694732667540165e+02
6.890000000000000000e+02	1.745368450229624946e+00	1.094923348137652823e+02
6.900000000000000000e+02	2.283425057310633388e+00	1.093937437954616314e+02
6.910000000000000000e+02	2.029547637970371188e+00	1.103465362857311334e+02
6.920000000000000000e+02	3.363406144329799563e+00	1.118284438210718577e+02
6.930000000000000000e+02	3.355842991301952516e+00	1.118113935142730497e+02
6.940000000000000000e+02	3.551136335313774151e+00	1.106505309300031570e+02
6.950000000000000000e+02	2.241941381392682509e+00	1.109849611109621463e+02
6.960000000000000000e+02	1.807789943719502190e+00	1.096799647807775244e+02
6.970000000000000000e+02	2.434332798568350498e+00	1.097339489026816466e+02
6.980000000000000000e+02	2.620865248015532778e+00	1.089727748527585902e+02
6.990000000000000000e+02	1.594994341258893833e+00	1.090403320254909403e+02
7.000000000000000000e+02	2.795649859040659990e+00	1.126493285842000773e+02
7.010000000000000000e+02	1.654191682711202871e+00	1.092182706585310257e+02
7.020000000000000000e+02	2.650042825829124205e+00	1.122116549350961776e+02
7.030000000000000000e+02	3.359247336370995818e+00	1.103044566098094208e+02
7.040000000000000000e+02	2.098513796137697618e+00	1.089768814469218370e+02
7.050000000000000000e+02	2.513659559086781403e+00	1.099127824657756776e+02
7.060000000000000000e+02	2.631142996135828582e+00	1.101776361105571596e+02
7.070000000000000000e+02	2.742518593504053470e+00	1.104287202943674657e+02
7.080000000000000000e+02	2.732513358152215410e+00	1.104061645782904435e+02
7.090000000000000000e+02	3.078963883942027913e+00	1.097989617362349719e+02
7.100000000000000000e+02	2.404555444467078917e+00	1.096668190930355706e+02
7.110000000000000000e+02	2.033304361045475073e+00	1.103578284510935390e+02
7.120000000000000000e+02	2.145539243654619899e+00	1.090828952092459474e+02
7.130000000000000000e+02	1.488908098267038405e+00	1.087214521467799244e+02
7.140000000000000000e+02	2.682670616218899351e+00	1.102937995317908957e+02
7.150000000000000000e+02	2.265093821762206083e+00	1.093524180165237851e+02
7.160000000000000000e+02	2.863352514106740188e+00	1.107011272403057092e+02
7.170000000000000000e+02	2.095984726882495153e+00	1.089711799350579469e+02
7.180000000000000000e+02	1.586710336882399597e+00	1.090154315083614875e+02
7.190000000000000000e+02	1.475653860890698610e+00	1.086816118292441189e+02
7.200000000000000000e+02	2.797976410378328005e+00	1.092921971513328998e+02
7.210000000000000000e+02	2.372352050923796529e+00	1.095942200410457019e+02
7.220000000000000000e+02	1.215605598571103174e+00	1.097269115914143356e+02
7.230000000000000000e+02	3.391558247927981995e+00	1.118919096800348854e+02
7.240000000000000000e+02	2.606429989101171074e+00	1.101219233211542985e+02
7.250000000000000000e+02	2.017728689899348726e+00	1.087947602018449373e+02
7.260000000000000000e+02	3.249805083653380056e+00	1.140144534001633332e+02
7.270000000000000000e+02	2.318497848760147750e+00	1.094728115932839358e+02
7.280000000000000000e+02	2.038334389811420344e+00	1.088412135135803425e+02
7.290000000000000000e+02	2.433282647499455553e+00	1.097315814511910048e+02
7.300000000000000000e+02	1.588177752629208905e+00	1.114067584774937814e+02
7.310000000000000000e+02	2.524671658677520192e+00	1.118348073679876507e+02
7.320000000000000000e+02	2.911372926101150949e+00	1.108093840419459042e+02
7.330000000000000000e+02	2.167186246668256544e+00	1.091316960256909425e+02
7.340000000000000000e+02	1.898779534822042647e+00	1.099534663108201329e+02
7.350000000000000000e+02	1.656579056589597920e+00	1.092254467585729429e+02
7.360000000000000000e+02	1.324648778631586143e+00	1.082277124266681199e+02
7.370000000000000000e+02	2.075724312722490694e+00	1.104853366808527397e+02
7.380000000000000000e+02	1.949509391815237969e+00	1.086409672060333946e+02
7.390000000000000000e+02	1.581814699316747896e+00	1.090007159310244020e+02
7.400000000000000000e+02	3.034667337293166067e+00	1.110873378965965799e+02
7.410000000000000000e+02	1.825651856594794786e+00	1.097336551033922660e+02
7.420000000000000000e+02	3.659260278250858089e+00	1.124954148227795230e+02
7.430000000000000000e+02	2.070626141734380532e+00	1.089140117599374378e+02
7.440000000000000000e+02	3.694585592839383814e+00	1.125750519065832407e+02
7.450000000000000000e+02	3.906790447733683003e+00	1.112919577749914168e+02
7.460000000000000000e+02	2.009420354631587191e+00	1.087760299626469305e+02
7.470000000000000000e+02	2.420805960660246559e+00	1.097034541162477552e+02
7.480000000000000000e+02	3.279223624591031339e+00	1.141028812726328283e+02
7.490000000000000000e+02	1.285808166703944266e+00	1.100434397167404654e+02
7.500000000000000000e+02	2.232944472015175208e+00	1.092799408004009507e+02
7.510000000000000000e+02	2.947616885065457826e+00	1.095620757052684411e+02
7.520000000000000000e+02	2.153829728151761991e+00	1.091015852058210100e+02
7.530000000000000000e+02	1.777313487536622105e+00	1.082527702481456657e+02
7.540000000000000000e+02	3.691892485083037023e+00	1.109043864877102834e+02
7.550000000000000000e+02	2.741773339523185804e+00	1.124873835711183716e+02
7.560000000000000000e+02	3.444451498767274522e+00	1.120111517674389177e+02
7.570000000000000000e+02	2.769141075618246628e+00	1.104887377878812913e+02
7.580000000000000000e+02	2.167891227053072356e+00	1.091332853273755745e+02
7.590000000000000000e+02	1.151357867762832665e+00	1.094372325336522351e+02
7.600000000000000000e+02	1.588690435700705450e+00	1.114090700540617576e+02
7.610000000000000000e+02	2.388043939775212898e+00	1.096295956996082737e+02
7.620000000000000000e+02	9.946713871764345516e-01	1.087307672392471147e+02
7.630000000000000000e+02	2.104429306716677495e+00	1.105716197345750516e+02
7.640000000000000000e+02	2.612279888786985804e+00	1.120981450167112570e+02
7.650000000000000000e+02	2.199250345584554012e+00	1.092039810530779960e+02
7.660000000000000000e+02	2.887284216624878663e+00	1.129247681888853236e+02
7.670000000000000000e+02	1.661880795961293789e+00	1.092413830191108417e+02
7.680000000000000000e+02	2.298950016154062137e+00	1.094287431284573842e+02
7.690000000000000000e+02	2.996351199541469335e+00	1.110009583269109328e+02
7.700000000000000000e+02	3.092566285220181399e+00	1.098234938449086258e+02
7.710000000000000000e+02	3.177027598945974418e+00	1.099758209292718050e+02
7.720000000000000000e+02	3.161783985847502976e+00	1.137498747309526124e+02
7.730000000000000000e+02	3.003411622757518273e+00	1.132738303494281098e+02
7.740000000000000000e+02	1.511948926536957227e+00	1.087907095388498533e+02
7.750000000000000000e+02	2.536985459581358349e+00	1.088214965568673023e+02
7.760000000000000000e+02	1.602935517281224520e+00	1.090642020502501310e+02
7.770000000000000000e+02	2.101808673156463136e+00	1.105637424897197434e+02
7.780000000000000000e+02	3.784204760700854653e+00	1.110708728845646363e+02
7.790000000000000000e+02	4.965025779510927606e+00	1.117080842157547664e+02
7.800000000000000000e+02	3.882120547560647061e+00	1.129978290871752620e+02
7.810000000000000000e+02	2.145430342640542776e+00	1.106948629091253480e+02
7.820000000000000000e+02	4.337053915181118491e+00	1.107642879878743543e+02
7.830000000000000000e+02	1.564030493056478566e+00	1.089472591832377617e+02
7.840000000000000000e+02	1.914336835612953758e+00	1.085616744994149485e+02
7.850000000000000000e+02	3.041266644818267029e+00	1.097309742722593739e+02
7.860000000000000000e+02	2.081575171727000129e+00	1.089386951584930614e+02
7.870000000000000000e+02	1.565059079710346523e+00	1.089503509657175755e+02
7.880000000000000000e+02	2.350333262428422110e+00	1.095445810746249435e+02
7.890000000000000000e+02	2.417580306880611651e+00	1.096961822302543084e+02
7.900000000000000000e+02	2.230306449462493124e+00	1.092739936651651789e+02
7.910000000000000000e+02	1.399231936121546616e+00	1.084518985939179885e+02
7.920000000000000000e+02	1.771080161962850896e+00	1.095696204946199970e+02
7.930000000000000000e+02	1.479112315188538807e+00	1.109150061190096039e+02
7.940000000000000000e+02	2.822457875024990681e+00	1.106089347195139965e+02
7.950000000000000000e+02	3.268726188139823741e+00	1.116149981463917982e+02
7.960000000000000000e+02	2.865670279094182593e+00	1.094142839292419893e+02
7.970000000000000000e+02	1.191886919776366849e+00	1.096199692225838191e+02
7.980000000000000000e+02	2.344440628148263706e+00	1.095312967708484848e+02
7.990000000000000000e+02	1.605265445257196388e+00	1.090712054762310146e+02
8.000000000000000000e+02	2.720916011402581880e+00	1.103800196200428161e+02
8.010000000000000000e+02	2.441752226072232634e+00	1.097506751959018203e+02
8.020000000000000000e+02	2.479813916101964111e+00	1.098364811408428778e+02
8.030000000000000000e+02	2.463358696722315777e+00	1.097993846365368285e+02
8.040000000000000000e+02	1.479729055059386900e+00	1.109177868650752430e+02
8.050000000000000000e+02	3.067471549880717241e+00	1.134663852105975366e+02
8.060000000000000000e+02	1.775978005545438165e+00	1.095843427029244168e+02
8.070000000000000000e+02	2.031067361804833382e+00	1.103511043554293423e+02
8.080000000000000000e+02	2.306061714609150659e+00	1.094447756799704052e+02
8.090000000000000000e+02	1.627058217469243395e+00	1.091367113925851982e+02
8.100000000000000000e+02	1.631426235934483326e+00	1.091498410233377143e+02
8.110000000000000000e+02	3.415951098958696974e+00	1.145138642541507465e+02
8.120000000000000000e+02	2.140185691065534357e+00	1.090708262065732015e+02
8.130000000000000000e+02	1.979802528814162521e+00	1.087092597921847386e+02
8.140000000000000000e+02	2.826840531085361707e+00	1.106188149414462885e+02
8.150000000000000000e+02	2.466574652411708257e+00	1.098066346592394922e+02
8.160000000000000000e+02	2.452983927524478247e+00	1.116193244328731708e+02
8.170000000000000000e+02	2.831234998988520601e+00	1.106287217918948329e+02
8.180000000000000000e+02	2.467152163361842732e+00	1.098079365949326132e+02
8.190000000000000000e+02	2.782639430464249219e+00	1.105191683623462353e+02
8.200000000000000000e+02	1.301901765916370746e+00	1.081593382015933003e+02
8.210000000000000000e+02	2.104134822066993760e+00	1.089895534391803267e+02
8.220000000000000000e+02	2.007255088562387435e+00	1.087711486055403043e+02
8.230000000000000000e+02	1.946253138914354919e+00	1.100961650876643034e+02
8.240000000000000000e+02	2.223001148036104269e+00	1.109280295131868570e+02
8.250000000000000000e+02	1.572633376371395553e+00	1.089731182042631161e+02
8.260000000000000000e+02	1.561557227319129826e+00	1.089398249047101928e+02
8.270000000000000000e+02	3.007299615828743722e+00	1.096697142910654748e+02
8.280000000000000000e+02	1.695764692722390166e+00	1.093432331043312615e+02
8.290000000000000000e+02	1.182512760398143570e+00	1.095777031748676933e+02
8.300000000000000000e+02	2.371273739129032165e+00	1.085226333009243547e+02
8.310000000000000000e+02	1.924547890858941734e+00	1.100309222562461429e+02
8.320000000000000000e+02	2.284158756723178030e+00	1.093953978410740859e+02
8.330000000000000000e+02	2.489919933731358448e+00	1.098592640596151000e+02
8.340000000000000000e+02	1.471129647368533355e+00	1.086680126987770194e+02
8.350000000000000000e+02	3.758201345118953096e+00	1.127184667085329437e+02
8.360000000000000000e+02	2.353414138846745551e+00	1.095515265757867382e+02
8.370000000000000000e+02	1.446739063560841920e+00	1.085946981370869935e+02
8.380000000000000000e+02	1.670899437511076391e+00	1.092684917491631609e+02
8.390000000000000000e+02	1.943549958254141341e+00	1.100880397181842199e+02
8.400000000000000000e+02	1.347240622718726577e+00	1.103204253121925262e+02
8.410000000000000000e+02	2.328664762203240812e+00	1.094957317950521087e+02
8.420000000000000000e+02	2.214909878121818387e+00	1.092392837678456630e+02
8.430000000000000000e+02	3.153665626609380546e+00	1.113556066112325311e+02
8.440000000000000000e+02	2.224723914175421147e+00	1.092614084458777484e+02
8.450000000000000000e+02	2.201871278895219941e+00	1.092098896624742963e+02
8.460000000000000000e+02	2.431676961303745443e+00	1.097279616061133538e+02
8.470000000000000000e+02	1.479134677419617461e+00	1.109151069454504324e+02
8.480000000000000000e+02	2.173061533480098451e+00	1.107779182661166857e+02
8.490000000000000000e+02	2.252826023223402974e+00	1.144035131075288376e+02
8.500000000000000000e+02	2.746831867921212478e+00	1.125025887747011097e+02
8.510000000000000000e+02	2.411718506712923649e+00	1.114952865556494856e+02
8.520000000000000000e+02	3.196956448866118183e+00	1.114532010666577264e+02
8.530000000000000000e+02	2.499828164671994202e+00	1.098816010897861588e+02
8.540000000000000000e+02	1.482059446657248980e+00	1.087008660921410410e+02
8.550000000000000000e+02	2.532661315710082572e+00	1.099556198616277527e+02
8.560000000000000000e+02	2.131543844812715527e+00	1.090513441030938395e+02
8.570000000000000000e+02	2.153595554041304982e+00	1.107194063517781757e+02
8.580000000000000000e+02	2.607931303378032251e+00	1.101253078710804516e+02
8.590000000000000000e+02	2.823886212480449132e+00	1.106121547511249048e+02
8.600000000000000000e+02	2.332239565402164594e+00	1.112563843714407170e+02
8.610000000000000000e+02	3.049057343044900392e+00	1.111197786011546214e+02
8.620000000000000000e+02	1.921083252451878831e+00	1.100205080550843064e+02
8.630000000000000000e+02	2.304949671689903390e+00	1.094422687000274124e+02
8.640000000000000000e+02	1.014209925517176369e+00	1.088188622630773637e+02
8.650000000000000000e+02	2.826646264476666115e+00	1.106183769884831776e+02
8.660000000000000000e+02	1.941422194019549075e+00	1.086227354972405834e+02
8.670000000000000000e+02	1.801575188358692126e+00	1.123689211458600568e+02
8.680000000000000000e+02	2.942168464997145794e+00	1.108788092385905202e+02
8.690000000000000000e+02	1.877527781835432119e+00	1.098895866198852076e+02
8.700000000000000000e+02	1.303529668107488826e+00	1.081642314397608260e+02
8.710000000000000000e+02	1.504064927223436765e+00	1.087670113789946953e+02
8.720000000000000000e+02	3.611326917977985218e+00	1.107590854333480337e+02
8.730000000000000000e+02	2.690878221403640858e+00	1.123344002187510995e+02
8.740000000000000000e+02	3.288474606677562306e+00	1.141306883846816191e+02
8.750000000000000000e+02	2.581493973940096609e+00	1.089017682448452433e+02
8.760000000000000000e+02	2.257061705972534860e+00	1.093343104841291051e+02
8.770000000000000000e+02	1.566293461416202515e+00	1.113080869636734320e+02
8.780000000000000000e+02	1.801876848734131453e+00	1.096621908738263045e+02
8.790000000000000000e+02	2.189324577219446510e+00	1.091816044866888262e+02
8.800000000000000000e+02	1.399591205351524259e+00	1.105564627139744118e+02
8.810000000000000000e+02	2.173849252627745976e+00	1.091467170487210723e+02
8.820000000000000000e+02	2.474983283269073908e+00	1.098255910039476078e+02
8.830000000000000000e+02	1.508148088151601618e+00	1.087792847692553977e+02
8.840000000000000000e+02	2.981156011879387169e+00	1.109667024272153952e+02
8.850000000000000000e+02	2.611511321164980970e+00	1.101333786322283288e+02
8.860000000000000000e+02	1.997563791615284634e+00	1.102503974767886348e+02
8.870000000000000000e+02	2.255693961802529124e+00	1.110262993754663512e+02
8.880000000000000000e+02	2.602973655114551033e+00	1.120701718263990045e+02
8.890000000000000000e+02	2.039896153314444405e+00	1.103776424237627225e+02
8.900000000000000000e+02	2.596552702883911934e+00	1.100996560525000802e+02
8.910000000000000000e+02	1.842238611066350451e+00	1.097835124845656765e+02
8.920000000000000000e+02	2.716812235013130739e+00	1.124123541068430541e+02
8.930000000000000000e+02	2.232190084934629226e+00	1.092782401166886075e+02
8.940000000000000000e+02	1.865276965682431731e+00	1.098527624411905208e+02
8.950000000000000000e+02	3.177906481917715631e+00	1.114102549858655635e+02
8.960000000000000000e+02	2.609903663619020708e+00	1.089530054918824078e+02
8.970000000000000000e+02	1.961035973532490040e+00	1.086669526322038166e+02
8.980000000000000000e+02	1.533139506501987936e+00	1.111586029850205932e+02
8.990000000000000000e+02	3.192588708830844446e+00	1.100038855945446130e+02
9.000000000000000000e+02	2.615321035186776388e+00	1.101419672185822094e+02
9.010000000000000000e+02	1.263159503204546619e+00	1.099413218143719746e+02
9.020000000000000000e+02	2.011350811832522734e+00	1.102918392623648742e+02
9.030000000000000000e+02	3.522886318218337642e+00	1.105995816545593868e+02
9.040000000000000000e+02	3.882791606690514374e+00	1.159171191935715939e+02
9.050000000000000000e+02	2.494190888388494010e+00	1.098688924628696668e+02
9.060000000000000000e+02	3.547428050370161401e+00	1.122433012150897014e+02
9.070000000000000000e+02	2.863636238975727721e+00	1.107017668671974064e+02
9.080000000000000000e+02	2.159645548646508484e+00	1.107375917591552508e+02
9.090000000000000000e+02	2.870575535308445669e+00	1.107174107568562675e+02
9.100000000000000000e+02	3.612569777605561860e+00	1.107613269469474773e+02
9.110000000000000000e+02	9.635512169679797401e-01	1.085904531539094648e+02
9.120000000000000000e+02	3.000591408490958401e+00	1.110105174173079803e+02
9.130000000000000000e+02	3.191414171421173229e+00	1.114407066043015533e+02
9.140000000000000000e+02	2.417099409260837994e+00	1.096950980988178799e+02
9.150000000000000000e+02	2.805785630717466894e+00	1.126797952455860496e+02
9.160000000000000000e+02	2.273075799275432018e+00	1.093704125176214745e+02
9.170000000000000000e+02	1.825413097745355540e+00	1.097329374288776194e+02
9.180000000000000000e+02	2.543251650711151335e+00	1.099794946212955296e+02
9.190000000000000000e+02	3.076989486071329605e+00	1.134949947480120613e+02
9.200000000000000000e+02	3.187098994060984403e+00	1.099939848221319210e+02
9.210000000000000000e+02	1.794102810658309233e+00	1.123352298184893101e+02
9.220000000000000000e+02	1.370692631628088742e+00	1.083661135788329801e+02
9.230000000000000000e+02	2.350848403450611634e+00	1.095457424040917260e+02
9.240000000000000000e+02	2.546712903284676699e+00	1.099872976391730504e+02
9.250000000000000000e+02	1.836026381662740903e+00	1.097648394228860411e+02
9.260000000000000000e+02	3.134384608452161380e+00	1.098989137379920322e+02
9.270000000000000000e+02	2.205776416234900061e+00	1.141913766530728935e+02
9.280000000000000000e+02	2.688579152952004225e+00	1.103071196859198153e+02
9.290000000000000000e+02	1.979604296464666069e+00	1.087088128988898603e+02
9.300000000000000000e+02	1.941821682266745119e+00	1.100828447709252913e+02
9.310000000000000000e+02	2.978181086804455369e+00	1.096171986429947509e+02
9.320000000000000000e+02	2.051177424749225153e+00	1.088701667405098021e+02
9.330000000000000000e+02	3.514760159953471241e+00	1.121696550053642341e+02
9.340000000000000000e+02	2.188053546821718598e+00	1.108229820864687554e+02
9.350000000000000000e+02	2.293917055987071851e+00	1.111411924595626743e+02
9.360000000000000000e+02	3.133394310783546910e+00	1.113099071320902169e+02
9.370000000000000000e+02	1.675333919269688998e+00	1.092818211589476363e+02
9.380000000000000000e+02	1.580042592059533568e+00	1.089953892333178231e+02
9.390000000000000000e+02	2.992625499748055251e+00	1.096432493307235774e+02
9.400000000000000000e+02	1.891646488456976360e+00	1.099320254067445006e+02
9.410000000000000000e+02	2.265215462401910074e+00	1.093526922421302743e+02
9.420000000000000000e+02	2.963532291995349510e+00	1.131539588581029392e+02
9.430000000000000000e+02	2.262175537909322465e+00	1.093458390626358181e+02
9.440000000000000000e+02	1.499860728757282047e+00	1.087543741674283666e+02
9.450000000000000000e+02	2.024003797698910923e+00	1.103298723049594514e+02
9.460000000000000000e+02	1.984697719891600043e+00	1.131945808496675738e+02
9.470000000000000000e+02	3.739723910564872078e+00	1.098665442557435341e+02
9.480000000000000000e+02	1.890940786522997907e+00	1.085089306486168539e+02
9.490000000000000000e+02	2.273097004458831005e+00	1.110786104006750747e+02
9.500000000000000000e+02	1.813541278010951663e+00	1.096972524585155924e+02
9.510000000000000000e+02	2.926269805573549654e+00	1.108429674382376646e+02
9.520000000000000000e+02	2.132291853566431250e+00	1.090530304075613088e+02
9.530000000000000000e+02	3.018850714344452957e+00	1.096905468483685979e+02
9.540000000000000000e+02	1.510585398262610513e+00	1.087866109703787600e+02
9.550000000000000000e+02	2.532647702784474042e+00	1.099555891727659400e+02
9.560000000000000000e+02	3.035523685035953712e+00	1.179325267914995266e+02
9.570000000000000000e+02	1.884166830924605351e+00	1.084936595016800140e+02
9.580000000000000000e+02	1.545291441822191469e+00	1.088909323097787052e+02
9.590000000000000000e+02	2.449792346718031588e+00	1.116097310033034802e+02
9.600000000000000000e+02	2.126688740067040229e+00	1.106385283667101902e+02
9.610000000000000000e+02	2.819782741590436181e+00	1.106029039218269787e+02
9.620000000000000000e+02	2.356575759330964193e+00	1.095586541056726020e+02
9.630000000000000000e+02	2.200269541409906715e+00	1.092062787193352165e+02
9.640000000000000000e+02	2.695187397526689566e+00	1.103220172553574798e+02
9.650000000000000000e+02	2.235960520150589215e+00	1.143274702188952006e+02
9.660000000000000000e+02	2.669846782161747534e+00	1.090611136904464757e+02
9.670000000000000000e+02	2.380683124905628389e+00	1.096130015422041311e+02
9.680000000000000000e+02	3.154094327937933873e+00	1.113565730718012787e+02
9.690000000000000000e+02	3.881592108008298680e+00	1.100797618809411347e+02
9.700000000000000000e+02	1.966462685128947285e+00	1.086791865639102923e+02
9.710000000000000000e+02	1.841805270853167809e+00	1.097822099266588083e+02
9.720000000000000000e+02	2.642961976293134008e+00	1.121903709271274892e+02
9.730000000000000000e+02	2.140401354391212596e+00	1.090713123961101019e+02
9.740000000000000000e+02	2.206288706441183578e+00	1.092198482729430964e+02
9.750000000000000000e+02	2.444094050630666537e+00	1.097559545849401133e+02
9.760000000000000000e+02	3.580462831438079530e+00	1.123177745399273419e+02
9.770000000000000000e+02	2.304452687010925427e+00	1.094411483020638087e+02
9.780000000000000000e+02	2.227665381330361072e+00	1.082636337487189877e+02
9.790000000000000000e+02	1.764316517634492598e+00	1.095492899595548835e+02
9.800000000000000000e+02	2.270748832015746288e+00	1.093651666227490153e+02
9.810000000000000000e+02	2.437983960775765624e+00	1.097421800511959589e+02
9.820000000000000000e+02	2.996053575033921668e+00	1.110002873647942181e+02
9.830000000000000000e+02	1.565755514677106275e+00	1.089524443483416150e+02
9.840000000000000000e+02	3.640554927324966883e+00	1.124532456413691222e+02
9.850000000000000000e+02	3.392836965217725709e+00	1.118947924092377377e+02
9.860000000000000000e+02	2.202690379986467661e+00	1.092117362368928895e+02
9.870000000000000000e+02	1.360261523056255362e+00	1.083347591775232530e+02
9.880000000000000000e+02	2.416547167696057485e+00	1.115098008110817887e+02
9.890000000000000000e+02	1.835685450163180299e+00	1.097638146321859267e+02
9.900000000000000000e+02	2.440782474758091070e+00	1.097484889969231858e+02
9.910000000000000000e+02	2.478620013940282085e+00	1.098337896181314619e+02
9.920000000000000000e+02	2.949154120836904980e+00	1.108945576407212457e+02
9.930000000000000000e+02	3.033762553700992459e+00	1.097174405457487865e+02
9.940000000000000000e+02	2.137142148533109687e+00	1.090639648706010263e+02
9.950000000000000000e+02	3.174297203810941603e+00	1.114021182605056310e+02
9.960000000000000000e+02	1.764539920140671292e+00	1.095499614751262243e+02
9.970000000000000000e+02	2.976300896539354035e+00	1.109557570971676626e+02
9.980000000000000000e+02	1.481313726137620135e+00	1.086986245642845716e+02
9.990000000000000000e+02	1.550265220891068996e+00	1.089058827691548714e+02
