0.000000000000000000e+00	2.246272309234347286e+00	1.245019175828410170e+02
1.000000000000000000e+00	3.431058746997190934e+00	1.351858067917736719e+02
2.000000000000000000e+00	1.841002961548556360e+00	1.208473747281581296e+02
3.000000000000000000e+00	2.098834950194265581e+00	1.231723915526340818e+02
4.000000000000000000e+00	2.619518356233142331e+00	1.278676882286773662e+02
5.000000000000000000e+00	2.498090658316037604e+00	1.267727060191479183e+02
6.000000000000000000e+00	1.441815863800631536e+00	1.172476789601788170e+02
7.000000000000000000e+00	1.865456148660482594e+00	1.210678829426194909e+02
8.000000000000000000e+00	1.450167235860984949e+00	1.173229880040634328e+02
9.000000000000000000e+00	1.954328162998106189e+00	1.218692921457419658e+02
1.000000000000000000e+01	2.031130757924140884e+00	1.225618645697626903e+02
1.100000000000000000e+01	1.391290499003073888e+00	1.167920631778465150e+02
1.200000000000000000e+01	2.749667456914462793e+00	1.290413162581702124e+02
1.300000000000000000e+01	1.873959883239830537e+00	1.211445659254864040e+02
1.400000000000000000e+01	2.349979960465266249e+00	1.254371081121670670e+02
1.500000000000000000e+01	1.431614155194107507e+00	1.171556843854437062e+02
1.600000000000000000e+01	2.315110325141007230e+00	1.251226688945273793e+02
1.700000000000000000e+01	1.325212405460720611e+00	1.161961996466289975e+02
1.800000000000000000e+01	1.207642130618069576e+00	1.151360020020184862e+02
1.900000000000000000e+01	1.209932172386763982e+00	1.151566526034777382e+02
2.000000000000000000e+01	1.231611459734277325e+00	1.153521469953504095e+02
2.100000000000000000e+01	2.501612095068985298e+00	1.268044608054331093e+02
2.200000000000000000e+01	1.579628498837635009e+00	1.184904134120574213e+02
2.300000000000000000e+01	1.482672522352907141e+00	1.176161065514364736e+02
2.400000000000000000e+01	1.565779226861824691e+00	1.183655266960233234e+02
2.500000000000000000e+01	2.607847888822806492e+00	1.277624490253455747e+02
2.600000000000000000e+01	1.064287507921833020e+00	1.138432923138767876e+02
2.700000000000000000e+01	2.219574534965590207e+00	1.242611686568564409e+02
2.800000000000000000e+01	2.353576240404278153e+00	1.254695378017786993e+02
2.900000000000000000e+01	1.916635955245110656e+00	1.215294001965789903e+02
3.000000000000000000e+01	1.836640119663474735e+00	1.208080325160508437e+02
3.100000000000000000e+01	1.522556334126824229e+00	1.179757614332285414e+02
3.200000000000000000e+01	1.450329989513905016e+00	1.173244556457756715e+02
3.300000000000000000e+01	1.240809354020897315e+00	1.154350896087882177e+02
3.400000000000000000e+01	2.376794580791443234e+00	1.256789107051182697e+02
3.500000000000000000e+01	1.246259563119578750e+00	1.154842372258775782e+02
3.600000000000000000e+01	1.532087034185482421e+00	1.180617051444872061e+02
3.700000000000000000e+01	1.753784717253905834e+00	1.200608785045845508e+02
3.800000000000000000e+01	1.761799181033988138e+00	1.201331494560119495e+02
3.900000000000000000e+01	9.477533302411107474e-01	1.127924377432034078e+02
4.000000000000000000e+01	2.957045318374898368e+00	1.309113596901428593e+02
4.100000000000000000e+01	1.753806502347847296e+00	1.200610749530943053e+02
4.200000000000000000e+01	2.752275950384059922e+00	1.290648385186748328e+02
4.300000000000000000e+01	1.988301207462282560e+00	1.221756462966476562e+02
4.400000000000000000e+01	1.335881864965521082e+00	1.162924121956886694e+02
4.500000000000000000e+01	1.732937381949030353e+00	1.198728862946810239e+02
4.600000000000000000e+01	3.033848384308804658e+00	1.316039363615078912e+02
4.700000000000000000e+01	1.081579440243380263e+00	1.139992234447906441e+02
4.800000000000000000e+01	1.580087591860426910e+00	1.184945533134234097e+02
4.900000000000000000e+01	1.513494588899351179e+00	1.178940465528382049e+02
5.000000000000000000e+01	1.478976424985711802e+00	1.175827767516363451e+02
5.100000000000000000e+01	1.683945551698423637e+00	1.194310992604466861e+02
5.200000000000000000e+01	3.277232958341080415e+00	1.337986726795856498e+02
5.300000000000000000e+01	1.124210770522842129e+00	1.143836542544437549e+02
5.400000000000000000e+01	2.124378987436038813e+00	1.234027365795026014e+02
5.500000000000000000e+01	1.112888287899318263e+00	1.142815530266915118e+02
5.600000000000000000e+01	1.598562594298908568e+00	1.186611528565108529e+02
5.700000000000000000e+01	1.507100661452529078e+00	1.178363888938082766e+02
5.800000000000000000e+01	1.691257731517194607e+00	1.194970373203109233e+02
5.900000000000000000e+01	1.393215975747867930e+00	1.168094262903536134e+02
6.000000000000000000e+01	1.338501788063622744e+00	1.163160375236160320e+02
6.100000000000000000e+01	2.165315485256397832e+00	1.237718841265831315e+02
6.200000000000000000e+01	1.301218723401615041e+00	1.159798350490413696e+02
6.300000000000000000e+01	1.628512916125266941e+00	1.189312318428713979e+02
6.400000000000000000e+01	3.037191340210370516e+00	1.316340816850398596e+02
6.500000000000000000e+01	1.220064928753783029e+00	1.152480253968823831e+02
6.600000000000000000e+01	1.459015343688428112e+00	1.174027763952232704e+02
6.700000000000000000e+01	1.468021502554721636e+00	1.174839900219653401e+02
6.800000000000000000e+01	1.164182191247183029e+00	1.147440991556774748e+02
6.900000000000000000e+01	1.474988813123636611e+00	1.175468182008083318e+02
7.000000000000000000e+01	2.666266422989807872e+00	1.282892419788224743e+02
7.100000000000000000e+01	1.183450823300896237e+00	1.149178553057379730e+02
7.200000000000000000e+01	1.733939448040085374e+00	1.198819224912103181e+02
7.300000000000000000e+01	1.478465644688848890e+00	1.175781707568951333e+02
7.400000000000000000e+01	1.120541033203468206e+00	1.143505621580992795e+02
7.500000000000000000e+01	1.299466970410171118e+00	1.159640385018447830e+02
7.600000000000000000e+01	1.331860812372698266e+00	1.162561520908835035e+02
7.700000000000000000e+01	1.204031208945974818e+00	1.151034402796209548e+02
7.800000000000000000e+01	1.467368954329063779e+00	1.174781056256520344e+02
7.900000000000000000e+01	2.099752658326909494e+00	1.231806670457548591e+02
8.000000000000000000e+01	1.338321493380843386e+00	1.163144117045195429e+02
8.100000000000000000e+01	9.408224085868581721e-01	1.127299377037788730e+02
8.200000000000000000e+01	1.454805538322521130e+00	1.173648141999389907e+02
8.300000000000000000e+01	1.586296201803045536e+00	1.185505398597360625e+02
8.400000000000000000e+01	2.047477451566737550e+00	1.227092719490534591e+02
8.500000000000000000e+01	2.800218224382000187e+00	1.294971611107408478e+02
8.600000000000000000e+01	1.076523198478502197e+00	1.139536284539064326e+02
8.700000000000000000e+01	3.162487000012462524e+00	1.327639434939016780e+02
8.800000000000000000e+01	1.691587548113082651e+00	1.195000114630402948e+02
8.900000000000000000e+01	1.861545515243588245e+00	1.210326185499566662e+02
9.000000000000000000e+01	2.010110088776214443e+00	1.223723093105902961e+02
9.100000000000000000e+01	1.687166448976739286e+00	1.194601439123586886e+02
9.200000000000000000e+01	1.939786291039012678e+00	1.217381598640500897e+02
9.300000000000000000e+01	1.835919789965358317e+00	1.208015368958755147e+02
9.400000000000000000e+01	1.635621648886967927e+00	1.189953353055893928e+02
9.500000000000000000e+01	1.557699111037697648e+00	1.182926637229939217e+02
9.600000000000000000e+01	1.484802177998849837e+00	1.176353108605416509e+02
9.700000000000000000e+01	1.283882370013267327e+00	1.158235033482516911e+02
9.800000000000000000e+01	1.713032430797510441e+00	1.196933920955293047e+02
9.900000000000000000e+01	1.649134190233498609e+00	1.191171855311456937e+02
1.000000000000000000e+02	1.745869066287403015e+00	1.199894986041677498e+02
1.010000000000000000e+02	1.181408598649789976e+00	1.148994394113482969e+02
1.020000000000000000e+02	1.684185675193077714e+00	1.194332645897681289e+02
1.030000000000000000e+02	1.655118303937281876e+00	1.191711476679385555e+02
1.040000000000000000e+02	1.159234644256000424e+00	1.146994843270256581e+02
1.050000000000000000e+02	1.874222786891290182e+00	1.211469366763620883e+02
1.060000000000000000e+02	1.384414203762375895e+00	1.167300557356797697e+02
1.070000000000000000e+02	1.208904666922162807e+00	1.151473870057332931e+02
1.080000000000000000e+02	1.249296569397369661e+00	1.155116236286625622e+02
1.090000000000000000e+02	1.324054113055802784e+00	1.161857546690944361e+02
1.100000000000000000e+02	9.853629225457269936e-01	1.131315847021560899e+02
1.110000000000000000e+02	1.515895345404011163e+00	1.179156955316717585e+02
1.120000000000000000e+02	8.718781371429011884e-01	1.121082282258339120e+02
1.130000000000000000e+02	9.444605393468104015e-01	1.127627447859061220e+02
1.140000000000000000e+02	1.432985154642657522e+00	1.171680474626591035e+02
1.150000000000000000e+02	1.365459780856138838e+00	1.165591329871615898e+02
1.160000000000000000e+02	1.563065515349104428e+00	1.183410556249316841e+02
1.170000000000000000e+02	1.277101614069776625e+00	1.157623574379475002e+02
1.180000000000000000e+02	1.570129551155950320e+00	1.184047560299352995e+02
1.190000000000000000e+02	1.420233852372882133e+00	1.170530617602761936e+02
1.200000000000000000e+02	1.473674720117112757e+00	1.175349682811566083e+02
1.210000000000000000e+02	1.112913598189735787e+00	1.142817812638910908e+02
1.220000000000000000e+02	2.780563787991996882e+00	1.293199259448392695e+02
1.230000000000000000e+02	2.316426329814576857e+00	1.251345360527617459e+02
1.240000000000000000e+02	1.919713652302022178e+00	1.215571535311266018e+02
1.250000000000000000e+02	1.517557902844044904e+00	1.179306877521485148e+02
1.260000000000000000e+02	2.139818214184539436e+00	1.235419608167111676e+02
1.270000000000000000e+02	2.482108059400732536e+00	1.266285818878788660e+02
1.280000000000000000e+02	1.779891016207024057e+00	1.202962937632171929e+02
1.290000000000000000e+02	2.275637075837158907e+00	1.247667162866673323e+02
1.300000000000000000e+02	2.205598486363434585e+00	1.241351387243008020e+02
1.310000000000000000e+02	1.715456460350210710e+00	1.197152509405960501e+02
1.320000000000000000e+02	2.074996323269417520e+00	1.229574251748630189e+02
1.330000000000000000e+02	2.028295466900109201e+00	1.225362971474743006e+02
1.340000000000000000e+02	1.957909296019682222e+00	1.219015852470347312e+02
1.350000000000000000e+02	1.310680865349378221e+00	1.160651605330501042e+02
1.360000000000000000e+02	2.129047703969932925e+00	1.234448370362652838e+02
1.370000000000000000e+02	1.423384614021576011e+00	1.170814739595599434e+02
1.380000000000000000e+02	3.013292599231209845e+00	1.314185732248515137e+02
1.390000000000000000e+02	1.768998830196576222e+00	1.201980727633225285e+02
1.400000000000000000e+02	1.707158495783237306e+00	1.196404235022767892e+02
1.410000000000000000e+02	2.330898182734048696e+00	1.252650369331833247e+02
1.420000000000000000e+02	2.301207602456506685e+00	1.249973001832310331e+02
1.430000000000000000e+02	2.702473998464776095e+00	1.286157461592966342e+02
1.440000000000000000e+02	1.769699376314508577e+00	1.202043899837693317e+02
1.450000000000000000e+02	1.448214845018994446e+00	1.173053821919242097e+02
1.460000000000000000e+02	2.611861042351594886e+00	1.277986378998240582e+02
1.470000000000000000e+02	2.352140267842253607e+00	1.254565888252621306e+02
1.480000000000000000e+02	1.140272889760808317e+00	1.145284954654244700e+02
1.490000000000000000e+02	1.618339001199382121e+00	1.188394878994696455e+02
1.500000000000000000e+02	1.324694906828513430e+00	1.161915330688593286e+02
1.510000000000000000e+02	1.274758692427556239e+00	1.157412299887694473e+02
1.520000000000000000e+02	2.741094912830104313e+00	1.289640127810904744e+02
1.530000000000000000e+02	2.181066373541373782e+00	1.239139187920851413e+02
1.540000000000000000e+02	2.258379795456094463e+00	1.246110976318936423e+02
1.550000000000000000e+02	2.560720963431590835e+00	1.273374788926792007e+02
1.560000000000000000e+02	1.385290044375824925e+00	1.167379536857073248e+02
1.570000000000000000e+02	2.065797681384597073e+00	1.228744758199095344e+02
1.580000000000000000e+02	1.255236799216775001e+00	1.155651900396572387e+02
1.590000000000000000e+02	2.238934830858053449e+00	1.244357513915793305e+02
1.600000000000000000e+02	1.115612687772363776e+00	1.143061204807715967e+02
1.610000000000000000e+02	1.601197365272130524e+00	1.186849120761234389e+02
1.620000000000000000e+02	2.100006776006614118e+00	1.231829585685554775e+02
1.630000000000000000e+02	1.186101443003241496e+00	1.149417574423022188e+02
1.640000000000000000e+02	1.892602838398705911e+00	1.213126799932171451e+02
1.650000000000000000e+02	1.605345863948400620e+00	1.187223214343233622e+02
1.660000000000000000e+02	1.679825989509606377e+00	1.193939508389153445e+02
1.670000000000000000e+02	9.642863000764738679e-01	1.129415248802482665e+02
1.680000000000000000e+02	2.029912179247837400e+00	1.225508759568321011e+02
1.690000000000000000e+02	1.117556686523036635e+00	1.143236506166783784e+02
1.700000000000000000e+02	2.512369173506671327e+00	1.269014634639519272e+02
1.710000000000000000e+02	1.463263844431701433e+00	1.174410875286043279e+02
1.720000000000000000e+02	1.413165083723299631e+00	1.169893186765536086e+02
1.730000000000000000e+02	1.673709919483860720e+00	1.193387987773568710e+02
1.740000000000000000e+02	1.083243715058921142e+00	1.140142311518133766e+02
1.750000000000000000e+02	1.724251249868854252e+00	1.197945585304182998e+02
1.760000000000000000e+02	1.141256912654813993e+00	1.145373689562440092e+02
1.770000000000000000e+02	1.662024003764670521e+00	1.192334202678893718e+02
1.780000000000000000e+02	1.741600722429731407e+00	1.199510085342045045e+02
1.790000000000000000e+02	1.615087836440475044e+00	1.188101703085713865e+02
1.800000000000000000e+02	9.547473197827711644e-01	1.128555065014284082e+02
1.810000000000000000e+02	1.141864594983978520e+00	1.145428487714006280e+02
1.820000000000000000e+02	1.758479390701999545e+00	1.201032130295190683e+02
1.830000000000000000e+02	1.728526489071255501e+00	1.198331107796037287e+02
1.840000000000000000e+02	1.286359480161090918e+00	1.158458408510573747e+02
1.850000000000000000e+02	1.813713554575752784e+00	1.206012907155613618e+02
1.860000000000000000e+02	1.609415946575746492e+00	1.187590236706722777e+02
1.870000000000000000e+02	1.994328391588154226e+00	1.222299968237892642e+02
1.880000000000000000e+02	1.561966073471622307e+00	1.183311413358781579e+02
1.890000000000000000e+02	2.654713559901525688e+00	1.281850632801582606e+02
1.900000000000000000e+02	1.570444154740213483e+00	1.184075929883371288e+02
1.910000000000000000e+02	1.077914316627327729e+00	1.139661729528176863e+02
1.920000000000000000e+02	1.280601361342207589e+00	1.157939166379232461e+02
1.930000000000000000e+02	1.390896657572840311e+00	1.167885116869850464e+02
1.940000000000000000e+02	2.373615104757702099e+00	1.256502395719889194e+02
1.950000000000000000e+02	2.216756353962114456e+00	1.242357555252977193e+02
1.960000000000000000e+02	1.872280462956385616e+00	1.211294216432160624e+02
1.970000000000000000e+02	1.413050408993086648e+00	1.169882845896721051e+02
1.980000000000000000e+02	1.381215717364725926e+00	1.167012131753502473e+02
1.990000000000000000e+02	2.119871516592091165e+00	1.233620901662974063e+02
2.000000000000000000e+02	1.510176019501308753e+00	1.178641211361970420e+02
2.010000000000000000e+02	2.005731489626444652e+00	1.223328250063178757e+02
2.020000000000000000e+02	1.590748235502544183e+00	1.185906863648646095e+02
2.030000000000000000e+02	1.597075392138085359e+00	1.186477419137357856e+02
2.040000000000000000e+02	1.105194500885831044e+00	1.142121737989849208e+02
2.050000000000000000e+02	2.889610820673389480e+00	1.303032646956868632e+02
2.060000000000000000e+02	1.982353742633282900e+00	1.221220146434806537e+02
2.070000000000000000e+02	1.735455268921391792e+00	1.198955915051695342e+02
2.080000000000000000e+02	2.645581290139417785e+00	1.281027124401632591e+02
2.090000000000000000e+02	1.245918888580788808e+00	1.154811651709377855e+02
2.100000000000000000e+02	1.776222661486795751e+00	1.202632141345509638e+02
2.110000000000000000e+02	1.927529250059767163e+00	1.216276311951881439e+02
2.120000000000000000e+02	1.314672323685918132e+00	1.161011537697132354e+02
2.130000000000000000e+02	1.231902012115628553e+00	1.153547670704566173e+02
2.140000000000000000e+02	2.338057456182314642e+00	1.253295961498486975e+02
2.150000000000000000e+02	2.201227680198857506e+00	1.240957246937821594e+02
2.160000000000000000e+02	1.490049816580154562e+00	1.176826317847388026e+02
2.170000000000000000e+02	1.650229830989408564e+00	1.191270655433367835e+02
2.180000000000000000e+02	2.156508317286968346e+00	1.236924649132711522e+02
2.190000000000000000e+02	2.592314202398561473e+00	1.276223729918316110e+02
2.200000000000000000e+02	3.059604955718533859e+00	1.318361979291395301e+02
2.210000000000000000e+02	2.339988454484027702e+00	1.253470090533565156e+02
2.220000000000000000e+02	2.274302265865724593e+00	1.247546795504292731e+02
2.230000000000000000e+02	2.754123107034397222e+00	1.290814953746066180e+02
2.240000000000000000e+02	2.654099124240974827e+00	1.281795225663940414e+02
2.250000000000000000e+02	1.345384963060458405e+00	1.163781070044338151e+02
2.260000000000000000e+02	1.531269434426893783e+00	1.180543323851783555e+02
2.270000000000000000e+02	1.710106576800783262e+00	1.196670080157101950e+02
2.280000000000000000e+02	1.003919115768027615e+00	1.132989163884479638e+02
2.290000000000000000e+02	1.389170040326916045e+00	1.167729418030180142e+02
2.300000000000000000e+02	1.191480808162096894e+00	1.149902662195297154e+02
2.310000000000000000e+02	2.412825347877562976e+00	1.260038205043795045e+02
2.320000000000000000e+02	1.595614000631786489e+00	1.186345637202263674e+02
2.330000000000000000e+02	2.143058029099229156e+00	1.235711760596467172e+02
2.340000000000000000e+02	2.076047966585807814e+00	1.229669084372650047e+02
2.350000000000000000e+02	2.170556012559181180e+00	1.238191409243610082e+02
2.360000000000000000e+02	1.616074727034987113e+00	1.188190696590678499e+02
2.370000000000000000e+02	2.932895837879562873e+00	1.306935901699644944e+02
2.380000000000000000e+02	1.734494104338267562e+00	1.198869241406636945e+02
2.390000000000000000e+02	1.365832557601302621e+00	1.165624945258474270e+02
2.400000000000000000e+02	1.430012200403921296e+00	1.171412386533264538e+02
2.410000000000000000e+02	2.624312787028517668e+00	1.279109223220169298e+02
2.420000000000000000e+02	1.636148689286440749e+00	1.190000879268695826e+02
2.430000000000000000e+02	2.090752043879859912e+00	1.230995034161760344e+02
2.440000000000000000e+02	1.254845622310037045e+00	1.155616625763106953e+02
2.450000000000000000e+02	1.411808394456596227e+00	1.169770846423391504e+02
2.460000000000000000e+02	2.208976861235615541e+00	1.241656034407173621e+02
2.470000000000000000e+02	1.595758512322091871e+00	1.186358668638473688e+02
2.480000000000000000e+02	1.559212943086446312e+00	1.183063148025254350e+02
2.490000000000000000e+02	1.338140038430545520e+00	1.163127754226348003e+02
2.500000000000000000e+02	1.353961074456721647e+00	1.164554426499820039e+02
2.510000000000000000e+02	1.367308117821495195e+00	1.165758004866612652e+02
2.520000000000000000e+02	1.407198489967828481e+00	1.169355145270407661e+02
2.530000000000000000e+02	1.640706792634978761e+00	1.190411909219972131e+02
2.540000000000000000e+02	1.356005621192133415e+00	1.164738794839188216e+02
2.550000000000000000e+02	1.675066462666732203e+00	1.193510314942508046e+02
2.560000000000000000e+02	1.498819874999657298e+00	1.177617163602566990e+02
2.570000000000000000e+02	2.555964721159563080e+00	1.272945891668471461e+02
2.580000000000000000e+02	2.046790313259835958e+00	1.227030756344197329e+02
2.590000000000000000e+02	1.805480364478404098e+00	1.205270473852593653e+02
2.600000000000000000e+02	2.174154759293568162e+00	1.238515928584613022e+02
2.610000000000000000e+02	1.270935759899060269e+00	1.157067564446049772e+02
2.620000000000000000e+02	2.152619223699997253e+00	1.236573947574337495e+02
2.630000000000000000e+02	1.944626826833752098e+00	1.217818097122375036e+02
2.640000000000000000e+02	1.735154507459663709e+00	1.198928793690131727e+02
2.650000000000000000e+02	3.331697204016157432e+00	1.342898075779048384e+02
2.660000000000000000e+02	8.754635144897140453e-01	1.121405596006071477e+02
2.670000000000000000e+02	2.772718279406412467e+00	1.292491785579309749e+02
2.680000000000000000e+02	2.067526453580671220e+00	1.228900651362805263e+02
2.690000000000000000e+02	1.024463259228305168e+00	1.134841745460586111e+02
2.700000000000000000e+02	1.797213378763206748e+00	1.204524993007625824e+02
2.710000000000000000e+02	1.533933919837660698e+00	1.180783595566753661e+02
2.720000000000000000e+02	2.367660711104662141e+00	1.255965454376978698e+02
2.730000000000000000e+02	1.735192416825437345e+00	1.198932212191989777e+02
2.740000000000000000e+02	1.659959499161108409e+00	1.192148034625709130e+02
2.750000000000000000e+02	3.222417559201433690e+00	1.333043712319279166e+02
2.760000000000000000e+02	3.040830387454054762e+00	1.316668970316191292e+02
2.770000000000000000e+02	1.562591224612603913e+00	1.183367786771881214e+02
2.780000000000000000e+02	2.803693218576755797e+00	1.295284970982193613e+02
2.790000000000000000e+02	2.262389328188614268e+00	1.246472538556049017e+02
2.800000000000000000e+02	1.523625613315962246e+00	1.179854037282667463e+02
2.810000000000000000e+02	1.271868179496801421e+00	1.157151645993246660e+02
2.820000000000000000e+02	1.625412455179643612e+00	1.189032732334681555e+02
2.830000000000000000e+02	1.762557430669237979e+00	1.201399870217010175e+02
2.840000000000000000e+02	2.472372686899324545e+00	1.265407925294784377e+02
2.850000000000000000e+02	1.413718189094451017e+00	1.169943063404210335e+02
2.860000000000000000e+02	2.074024675895630221e+00	1.229486632811066329e+02
2.870000000000000000e+02	1.835624032626475444e+00	1.207988698847242830e+02
2.880000000000000000e+02	2.091940305086004592e+00	1.231102186393361677e+02
2.890000000000000000e+02	1.026068832240158102e+00	1.134986529057264306e+02
2.900000000000000000e+02	2.039893470528899577e+00	1.226408829039155819e+02
2.910000000000000000e+02	2.133895168035259804e+00	1.234885493605859637e+02
2.920000000000000000e+02	1.138505635469081012e+00	1.145125591342385007e+02
2.930000000000000000e+02	2.760548270510622348e+00	1.291394347065750594e+02
2.940000000000000000e+02	3.190915446696665825e+00	1.330202988716097252e+02
2.950000000000000000e+02	2.184237199151714659e+00	1.239425119194555975e+02
2.960000000000000000e+02	2.036429245078150263e+00	1.226096440242906169e+02
2.970000000000000000e+02	1.891744287796355950e+00	1.213049379569957580e+02
2.980000000000000000e+02	1.763748327633307911e+00	1.201507260129806696e+02
2.990000000000000000e+02	2.325356434886956425e+00	1.252150638594418979e+02
3.000000000000000000e+02	1.390101255620960430e+00	1.167813390978503350e+02
3.010000000000000000e+02	1.178829812340135952e+00	1.148761850371018340e+02
3.020000000000000000e+02	2.249532356408523004e+00	1.245313152715000484e+02
3.030000000000000000e+02	1.554329681124387630e+00	1.182622796683291426e+02
3.040000000000000000e+02	1.675422130406062804e+00	1.193542387513573146e+02
3.050000000000000000e+02	1.202159692815210512e+00	1.150865637604808711e+02
3.060000000000000000e+02	2.164523683803807774e+00	1.237647440051863157e+02
3.070000000000000000e+02	1.411315427510707599e+00	1.169726392806556703e+02
3.080000000000000000e+02	2.451577430042205297e+00	1.263532699403844219e+02
3.090000000000000000e+02	1.983848767196723539e+00	1.221354961252830549e+02
3.100000000000000000e+02	1.447905945334277078e+00	1.173025966688096560e+02
3.110000000000000000e+02	1.538886653759846679e+00	1.181230211588168260e+02
3.120000000000000000e+02	1.461309608312991726e+00	1.174234650765615697e+02
3.130000000000000000e+02	2.410847699862220583e+00	1.259859869340272951e+02
3.140000000000000000e+02	2.210275645679821377e+00	1.241773153144069113e+02
3.150000000000000000e+02	3.155932955079757019e+00	1.327048419649682387e+02
3.160000000000000000e+02	1.988716067990287106e+00	1.221793873285982954e+02
3.170000000000000000e+02	1.959260786712776259e+00	1.219137724027715848e+02
3.180000000000000000e+02	1.735831308922343830e+00	1.198989824704779039e+02
3.190000000000000000e+02	1.679022152924467992e+00	1.193867021899234402e+02
3.200000000000000000e+02	1.745867325429176775e+00	1.199894829058648043e+02
3.210000000000000000e+02	1.885962651302097282e+00	1.212528016716854466e+02
3.220000000000000000e+02	2.168201416470070253e+00	1.237979082000943833e+02
3.230000000000000000e+02	1.676021143015717696e+00	1.193596403867510958e+02
3.240000000000000000e+02	1.456237076400814345e+00	1.173777231882084209e+02
3.250000000000000000e+02	1.957242636700004201e+00	1.218955736030079890e+02
3.260000000000000000e+02	2.323195569087802337e+00	1.251955781107384098e+02
3.270000000000000000e+02	2.881975941500560356e+00	1.302344166732870576e+02
3.280000000000000000e+02	2.070950966883061906e+00	1.229209459090097738e+02
3.290000000000000000e+02	2.017112704767178410e+00	1.224354558583862342e+02
3.300000000000000000e+02	1.562872938714130244e+00	1.183393190525278129e+02
3.310000000000000000e+02	1.901739088406797507e+00	1.213950667253406692e+02
3.320000000000000000e+02	2.769011461243513050e+00	1.292157520826542623e+02
3.330000000000000000e+02	3.307981520870259207e+00	1.340759498537032073e+02
3.340000000000000000e+02	9.890790841360235230e-01	1.131650954324005909e+02
3.350000000000000000e+02	1.169106442006598634e+00	1.147885039090353416e+02
3.360000000000000000e+02	2.552313948570960722e+00	1.272616680862030307e+02
3.370000000000000000e+02	2.321592844891451346e+00	1.251811254404507565e+02
3.380000000000000000e+02	1.833926695193394352e+00	1.207835640333849767e+02
3.390000000000000000e+02	2.399010778651988307e+00	1.258792467226658403e+02
3.400000000000000000e+02	1.193562163995907088e+00	1.150090349819193278e+02
3.410000000000000000e+02	1.502317143173208525e+00	1.177932532047961161e+02
3.420000000000000000e+02	1.436432764670565021e+00	1.171991365116216457e+02
3.430000000000000000e+02	1.729708596329797787e+00	1.198437705091387784e+02
3.440000000000000000e+02	1.417031929683766123e+00	1.170241882129635940e+02
3.450000000000000000e+02	1.924009873682134053e+00	1.215958949884721392e+02
3.460000000000000000e+02	2.279874425239214020e+00	1.248049268620994638e+02
3.470000000000000000e+02	2.154897838451514502e+00	1.236779423150180719e+02
3.480000000000000000e+02	1.505153822606580594e+00	1.178188331471565675e+02
3.490000000000000000e+02	1.928984609561143371e+00	1.216407549946985682e+02
3.500000000000000000e+02	1.918555910466785752e+00	1.215467135183901490e+02
3.510000000000000000e+02	1.113655294301665988e+00	1.142884695571007398e+02
3.520000000000000000e+02	1.994501782990277805e+00	1.222315603921008460e+02
3.530000000000000000e+02	1.270811708875125623e+00	1.157056378063814748e+02
3.540000000000000000e+02	1.519315991603877203e+00	1.179465414325510153e+02
3.550000000000000000e+02	2.805534421794115385e+00	1.295451002686797892e+02
3.560000000000000000e+02	1.314912659109035875e+00	1.161033210101134614e+02
3.570000000000000000e+02	1.521175275684027106e+00	1.179633076483744816e+02
3.580000000000000000e+02	1.820470357954021345e+00	1.206622206320417376e+02
3.590000000000000000e+02	1.481651315478138109e+00	1.176068977516378879e+02
3.600000000000000000e+02	1.419057302391044217e+00	1.170424521438473846e+02
3.610000000000000000e+02	1.167398430878469950e+00	1.147731018069526954e+02
3.620000000000000000e+02	1.150426006849471161e+00	1.146200518629684950e+02
3.630000000000000000e+02	2.142037851519739355e+00	1.235619765415856506e+02
3.640000000000000000e+02	1.257591959756833910e+00	1.155864278538972059e+02
3.650000000000000000e+02	3.530895865007743328e+00	1.360860945345823723e+02
3.660000000000000000e+02	1.547311143033503367e+00	1.181989895419555978e+02
3.670000000000000000e+02	1.953789722039695143e+00	1.218644367191757425e+02
3.680000000000000000e+02	1.164317418962970585e+00	1.147453185804509275e+02
3.690000000000000000e+02	1.431434343574041756e+00	1.171540629223968324e+02
3.700000000000000000e+02	2.143061420999518685e+00	1.235712066463294718e+02
3.710000000000000000e+02	3.206762987238637397e+00	1.331632051051619783e+02
3.720000000000000000e+02	1.601451179831623772e+00	1.186872008655177240e+02
3.730000000000000000e+02	1.416487640763401057e+00	1.170192800520178906e+02
3.740000000000000000e+02	1.544567652720426620e+00	1.181742499385836709e+02
3.750000000000000000e+02	1.946692910313188474e+00	1.218004407551724597e+02
3.760000000000000000e+02	1.765841418551333142e+00	1.201696005972598584e+02
3.770000000000000000e+02	1.411093214132445040e+00	1.169706354569804319e+02
3.780000000000000000e+02	1.727143513100111383e+00	1.198206397033123523e+02
3.790000000000000000e+02	1.850708191757292953e+00	1.209348922764625485e+02
3.800000000000000000e+02	2.259357572788101010e+00	1.246199148029492818e+02
3.810000000000000000e+02	2.074880178958137478e+00	1.229563778359381132e+02
3.820000000000000000e+02	2.641932921875663531e+00	1.280698130406757400e+02
3.830000000000000000e+02	9.449908018815851296e-01	1.127675264630021985e+02
3.840000000000000000e+02	1.710942726872032305e+00	1.196745480536769719e+02
3.850000000000000000e+02	2.438841450761782159e+00	1.262384224140604090e+02
3.860000000000000000e+02	2.553149598843594603e+00	1.272692036172031180e+02
3.870000000000000000e+02	1.793637777353958240e+00	1.204202560811458369e+02
3.880000000000000000e+02	2.413073762329007277e+00	1.260060605979461883e+02
3.890000000000000000e+02	3.108311010626248372e+00	1.322754079655244652e+02
3.900000000000000000e+02	2.622830867638396679e+00	1.278975590169722523e+02
3.910000000000000000e+02	2.727079556489336642e+00	1.288376283884304598e+02
3.920000000000000000e+02	1.516668370620926520e+00	1.179226663371350838e+02
3.930000000000000000e+02	1.702225006472889213e+00	1.195959354396815257e+02
3.940000000000000000e+02	2.345688127360804565e+00	1.253984062263842816e+02
3.950000000000000000e+02	2.006317835931161753e+00	1.223381124224782894e+02
3.960000000000000000e+02	1.253151957465126642e+00	1.155463898427754827e+02
3.970000000000000000e+02	2.069279367030780747e+00	1.229058721479890437e+02
3.980000000000000000e+02	2.098722119408430231e+00	1.231713740936416457e+02
3.990000000000000000e+02	1.456003913851944276e+00	1.173756206296709479e+02
4.000000000000000000e+02	1.186640323583624701e+00	1.149466168331883296e+02
4.010000000000000000e+02	2.419868761327407913e+00	1.260673349459297867e+02
4.020000000000000000e+02	2.725797927843943480e+00	1.288260712182789973e+02
4.030000000000000000e+02	8.366306034026509408e-01	1.117903812845066369e+02
4.040000000000000000e+02	1.588145644533218714e+00	1.185672173305423200e+02
4.050000000000000000e+02	1.622116275273720376e+00	1.188735497155368677e+02
4.060000000000000000e+02	2.098478725365159558e+00	1.231691792719340839e+02
4.070000000000000000e+02	1.803406183000899832e+00	1.205083433180970900e+02
4.080000000000000000e+02	1.625365396404550467e+00	1.189028488778852619e+02
4.090000000000000000e+02	1.448857304673328628e+00	1.173111756138856236e+02
4.100000000000000000e+02	2.019509470446789745e+00	1.224570688496938260e+02
4.110000000000000000e+02	2.191707344850475803e+00	1.240098744469764540e+02
4.120000000000000000e+02	1.582967920720887323e+00	1.185205268673480816e+02
4.130000000000000000e+02	1.376736553146181041e+00	1.166608220189913823e+02
4.140000000000000000e+02	1.893937411398126436e+00	1.213247145925445665e+02
4.150000000000000000e+02	1.756572846855162906e+00	1.200860206456578538e+02
4.160000000000000000e+02	1.422813921571281615e+00	1.170763277030558385e+02
4.170000000000000000e+02	1.347790784352564941e+00	1.163998016553194930e+02
4.180000000000000000e+02	1.644197007029470026e+00	1.190726641586225298e+02
4.190000000000000000e+02	1.446792198865389345e+00	1.172925533871673451e+02
4.200000000000000000e+02	1.148414242118563244e+00	1.146019106429018279e+02
4.210000000000000000e+02	1.273750427781872974e+00	1.157321378963683003e+02
4.220000000000000000e+02	2.752767705602756632e+00	1.290692729535290937e+02
4.230000000000000000e+02	1.459336557153391833e+00	1.174056729586567371e+02
4.240000000000000000e+02	2.114130274007164356e+00	1.233103181357069928e+02
4.250000000000000000e+02	1.858607346715397401e+00	1.210061234230444853e+02
4.260000000000000000e+02	1.492564667658744737e+00	1.177053096188566172e+02
4.270000000000000000e+02	2.252533270135999466e+00	1.245583762073514578e+02
4.280000000000000000e+02	2.637153323549664474e+00	1.280267127000990968e+02
4.290000000000000000e+02	1.891323813487979955e+00	1.213011463024133718e+02
4.300000000000000000e+02	1.749190235488379930e+00	1.200194474647019263e+02
4.310000000000000000e+02	1.280674443519489003e+00	1.157945756612377863e+02
4.320000000000000000e+02	1.413295247618340245e+00	1.169904924379922022e+02
4.330000000000000000e+02	2.871375904601329854e+00	1.301388301471145894e+02
4.340000000000000000e+02	1.779508588529273627e+00	1.202928451966154029e+02
4.350000000000000000e+02	1.333613739415272503e+00	1.162719592251629734e+02
4.360000000000000000e+02	1.505393998137777301e+00	1.178209989457209446e+02
4.370000000000000000e+02	1.867900533461831714e+00	1.210899253424725117e+02
4.380000000000000000e+02	2.062934098636457492e+00	1.228486532751482088e+02
4.390000000000000000e+02	1.497482284590003321e+00	1.177496545512350963e+02
4.400000000000000000e+02	2.861463689182387693e+00	1.300494460961365917e+02
4.410000000000000000e+02	2.740997911003141052e+00	1.289631380607701772e+02
4.420000000000000000e+02	9.195487939610595962e-01	1.125381014922125757e+02
4.430000000000000000e+02	1.880150286484929101e+00	1.212003882917131250e+02
4.440000000000000000e+02	1.983042769587909815e+00	1.221282279891187983e+02
4.450000000000000000e+02	2.592468186127788066e+00	1.276237615501832323e+02
4.460000000000000000e+02	1.281157875389378642e+00	1.157989350397496793e+02
4.470000000000000000e+02	1.752470207169622318e+00	1.200490248239068478e+02
4.480000000000000000e+02	1.838609502023471620e+00	1.208257915503152446e+02
4.490000000000000000e+02	1.930190083528319001e+00	1.216516254350573263e+02
4.500000000000000000e+02	1.226792186303773846e+00	1.153086888819234304e+02
4.510000000000000000e+02	1.528389384166744192e+00	1.180283613435502303e+02
4.520000000000000000e+02	2.681808439687725087e+00	1.284293931311242147e+02
4.530000000000000000e+02	2.203217345511876868e+00	1.241136666309023155e+02
4.540000000000000000e+02	2.514933022689390896e+00	1.269245831416790935e+02
4.550000000000000000e+02	1.888394679338015303e+00	1.212747326435978437e+02
4.560000000000000000e+02	2.556826626982662276e+00	1.273023614589911290e+02
4.570000000000000000e+02	2.335177932182854299e+00	1.253036298538107474e+02
4.580000000000000000e+02	2.494351565316494490e+00	1.267389885034204013e+02
4.590000000000000000e+02	2.220153494157339757e+00	1.242663894592424185e+02
4.600000000000000000e+02	1.502029826094123166e+00	1.177906623042397456e+02
4.610000000000000000e+02	1.047496138585307435e+00	1.136918750424261901e+02
4.620000000000000000e+02	1.849488626994416851e+00	1.209238947714317760e+02
4.630000000000000000e+02	2.556701401505603766e+00	1.273012322300597532e+02
4.640000000000000000e+02	2.121216663250167667e+00	1.233742201142834745e+02
4.650000000000000000e+02	1.637435967241536616e+00	1.190116960400408601e+02
4.660000000000000000e+02	1.938513143902253599e+00	1.217266791764575657e+02
4.670000000000000000e+02	1.782398623961314321e+00	1.203189062801842937e+02
4.680000000000000000e+02	1.378236080301264987e+00	1.166743441032084689e+02
4.690000000000000000e+02	1.189259180215493483e+00	1.149702325441866719e+02
4.700000000000000000e+02	1.866378287783328371e+00	1.210761983924842866e+02
4.710000000000000000e+02	2.738240010228431665e+00	1.289382685101177799e+02
4.720000000000000000e+02	1.728425223313474035e+00	1.198321976090083183e+02
4.730000000000000000e+02	2.852832624699753961e+00	1.299716149075371163e+02
4.740000000000000000e+02	2.412197171899546522e+00	1.259981558864037083e+02
4.750000000000000000e+02	1.982394234710284309e+00	1.221223797834339280e+02
4.760000000000000000e+02	2.379138596005237805e+00	1.257000480156495428e+02
4.770000000000000000e+02	1.555814784334513146e+00	1.182756716836789934e+02
4.780000000000000000e+02	1.867622584492783400e+00	1.210874189194612427e+02
4.790000000000000000e+02	1.652477245040428144e+00	1.191473317465632817e+02
4.800000000000000000e+02	3.036952114218738785e+00	1.316319244490106257e+02
4.810000000000000000e+02	3.093982347708706726e+00	1.321461983103124851e+02
4.820000000000000000e+02	1.757241446352485248e+00	1.200920497853634288e+02
4.830000000000000000e+02	2.489680834095122197e+00	1.266968698790815893e+02
4.840000000000000000e+02	1.388021689928389035e+00	1.167625864781764591e+02
4.850000000000000000e+02	1.094751107734437179e+00	1.141179998180559210e+02
4.860000000000000000e+02	2.209508762125664827e+00	1.241703998917892875e+02
4.870000000000000000e+02	1.455687520320433137e+00	1.173727675303026956e+02
4.880000000000000000e+02	1.177523975202718232e+00	1.148644095652898756e+02
4.890000000000000000e+02	2.207056793578919152e+00	1.241482891050160333e+02
4.900000000000000000e+02	1.416930734924789270e+00	1.170232756826045488e+02
4.910000000000000000e+02	1.357090780490566750e+00	1.164836649788814356e+02
4.920000000000000000e+02	1.586889449628817506e+00	1.185558895108140689e+02
4.930000000000000000e+02	1.631919724617111767e+00	1.189619529613133295e+02
4.940000000000000000e+02	1.159046928255235365e+00	1.146977915857087567e+02
4.950000000000000000e+02	2.119638479683144006e+00	1.233599887407261519e+02
4.960000000000000000e+02	1.536555741949478637e+00	1.181020020090831508e+02
4.970000000000000000e+02	1.678050283945655696e+00	1.193779382978292460e+02
4.980000000000000000e+02	2.531656370378110310e+00	1.270753870234707392e+02
4.990000000000000000e+02	1.536870511133855421e+00	1.181048404607948470e+02
5.000000000000000000e+02	1.454307020217596502e+00	1.173603187803157653e+02
5.010000000000000000e+02	2.970980223954124977e+00	1.310370186127977377e+02
5.020000000000000000e+02	1.802127275039663079e+00	1.204968106818929812e+02
5.030000000000000000e+02	2.707759464608540334e+00	1.286634081960128526e+02
5.040000000000000000e+02	1.473073756176474181e+00	1.175295490495080202e+02
5.050000000000000000e+02	1.122369732516401708e+00	1.143670525737835817e+02
5.060000000000000000e+02	1.547763490774394235e+00	1.182030686173007865e+02
5.070000000000000000e+02	1.597393413282669261e+00	1.186506096902113967e+02
5.080000000000000000e+02	1.984788377839788787e+00	1.221439691257243823e+02
5.090000000000000000e+02	1.388750048952020810e+00	1.167691545033198821e+02
5.100000000000000000e+02	1.629755573915143252e+00	1.189424375907838396e+02
5.110000000000000000e+02	2.148736544991298736e+00	1.236223824481808293e+02
5.120000000000000000e+02	1.773034122608027729e+00	1.202344612766237049e+02
5.130000000000000000e+02	1.544134832370156252e+00	1.181703469527608519e+02
5.140000000000000000e+02	1.701319304378567265e+00	1.195877682117967282e+02
5.150000000000000000e+02	1.910024973042686147e+00	1.214697852320911267e+02
5.160000000000000000e+02	1.844261315263092005e+00	1.208767571459340644e+02
5.170000000000000000e+02	1.363949292327825136e+00	1.165455120580443236e+02
5.180000000000000000e+02	1.479028152456781875e+00	1.175832432074906251e+02
5.190000000000000000e+02	2.144656356849561352e+00	1.235855890846948171e+02
5.200000000000000000e+02	1.778418878885023036e+00	1.202830186686117173e+02
5.210000000000000000e+02	1.607192315747843381e+00	1.187389719342160959e+02
5.220000000000000000e+02	1.802675042642877923e+00	1.205017502120888508e+02
5.230000000000000000e+02	2.350411068168181128e+00	1.254409956540803250e+02
5.240000000000000000e+02	1.447118233631357942e+00	1.172954934269980356e+02
5.250000000000000000e+02	2.138913054862469298e+00	1.235337984833106475e+02
5.260000000000000000e+02	1.920751574267113515e+00	1.215665130603456277e+02
5.270000000000000000e+02	1.480351725509415850e+00	1.175951786140783071e+02
5.280000000000000000e+02	2.823697671718160329e+00	1.297088885630740833e+02
5.290000000000000000e+02	3.140468417071785368e+00	1.325653894818215974e+02
5.300000000000000000e+02	2.641376540188916877e+00	1.280647958324180991e+02
5.310000000000000000e+02	1.650312014407336436e+00	1.191278066376842304e+02
5.320000000000000000e+02	2.317079335849637101e+00	1.251404245774012765e+02
5.330000000000000000e+02	1.763778904246623203e+00	1.201510017395915071e+02
5.340000000000000000e+02	1.526165286817352529e+00	1.180083054002059981e+02
5.350000000000000000e+02	3.173398933104424113e+00	1.328623425643957034e+02
5.360000000000000000e+02	1.919512040045779022e+00	1.215553354794168399e+02
5.370000000000000000e+02	2.021662984766402715e+00	1.224764883059496299e+02
5.380000000000000000e+02	2.126486473800112353e+00	1.234217409756582668e+02
5.390000000000000000e+02	1.692485288547139310e+00	1.195081068961328299e+02
5.400000000000000000e+02	1.378948051812950659e+00	1.166807643528908756e+02
5.410000000000000000e+02	1.598874948479893421e+00	1.186639695307714959e+02
5.420000000000000000e+02	1.818659015669014778e+00	1.206458867344922226e+02
5.430000000000000000e+02	1.725255749879985201e+00	1.198036166749811002e+02
5.440000000000000000e+02	1.412947658026429298e+00	1.169873580261085095e+02
5.450000000000000000e+02	1.651582669658775870e+00	1.191392648545378563e+02
5.460000000000000000e+02	2.012649678237954376e+00	1.223952102246964984e+02
5.470000000000000000e+02	1.157769361562040578e+00	1.146862710444769675e+02
5.480000000000000000e+02	2.314606647937383688e+00	1.251181269523941353e+02
5.490000000000000000e+02	2.777700359772800720e+00	1.292941047935528331e+02
5.500000000000000000e+02	2.830983091908239491e+00	1.297745853162360277e+02
5.510000000000000000e+02	1.590234835453061102e+00	1.185860567463327726e+02
5.520000000000000000e+02	9.697088268269822287e-01	1.129904228699520417e+02
5.530000000000000000e+02	2.051331222669849463e+00	1.227440235820819225e+02
5.540000000000000000e+02	1.819561416825423050e+00	1.206540241959534541e+02
5.550000000000000000e+02	9.037824177153892524e-01	1.123959271630118053e+02
5.560000000000000000e+02	1.511267538081175532e+00	1.178739639763959985e+02
5.570000000000000000e+02	1.347531508287424629e+00	1.163974636164407599e+02
5.580000000000000000e+02	1.199320778673539589e+00	1.150609636664921567e+02
5.590000000000000000e+02	1.435584296475301391e+00	1.171914853941657242e+02
5.600000000000000000e+02	1.510277677261130824e+00	1.178650378416964912e+02
5.610000000000000000e+02	2.086887194238325804e+00	1.230646518817026163e+02
5.620000000000000000e+02	1.707730557108297909e+00	1.196455821026986541e+02
5.630000000000000000e+02	1.806150816445977636e+00	1.205330932297366076e+02
5.640000000000000000e+02	1.550176857155588728e+00	1.182248313065208976e+02
5.650000000000000000e+02	1.905398191009688436e+00	1.214280629224335684e+02
5.660000000000000000e+02	1.181903040924004111e+00	1.149038980769014699e+02
5.670000000000000000e+02	1.506217509978734270e+00	1.178284250176192955e+02
5.680000000000000000e+02	1.965572401278398829e+00	1.219706878000105377e+02
5.690000000000000000e+02	1.745042616517200385e+00	1.199820460393002151e+02
5.700000000000000000e+02	2.314224395955758240e+00	1.251146799701436407e+02
5.710000000000000000e+02	2.750734046863634319e+00	1.290509343028110720e+02
5.720000000000000000e+02	1.767154367794289804e+00	1.201814402029487923e+02
5.730000000000000000e+02	1.572143085631118264e+00	1.184229132087865963e+02
5.740000000000000000e+02	1.987114547754986305e+00	1.221649455151081582e+02
5.750000000000000000e+02	1.994020349914813472e+00	1.222272190378484424e+02
5.760000000000000000e+02	3.091072978045373620e+00	1.321199628790481313e+02
5.770000000000000000e+02	1.075883600781619265e+00	1.139478608398335666e+02
5.780000000000000000e+02	1.528645913771248477e+00	1.180306746160404998e+02
5.790000000000000000e+02	2.128851109019364252e+00	1.234430642284376773e+02
5.800000000000000000e+02	2.509427238640635327e+00	1.268749343738418389e+02
5.810000000000000000e+02	1.150849171687332806e+00	1.146238677795765284e+02
5.820000000000000000e+02	2.037102429165196682e+00	1.226157145058339353e+02
5.830000000000000000e+02	2.066212470107208876e+00	1.228782162043503376e+02
5.840000000000000000e+02	1.445613514725139659e+00	1.172819245258254455e+02
5.850000000000000000e+02	1.956375739803323466e+00	1.218877563035314751e+02
5.860000000000000000e+02	1.589941355776338217e+00	1.185834102741490597e+02
5.870000000000000000e+02	1.636041204276029060e+00	1.189991186737567403e+02
5.880000000000000000e+02	1.076834720382218391e+00	1.139564376230523521e+02
5.890000000000000000e+02	2.853379279558037940e+00	1.299765444034827624e+02
5.900000000000000000e+02	1.747624089781974810e+00	1.200053246433402308e+02
5.910000000000000000e+02	1.489910503830395916e+00	1.176813755229042897e+02
5.920000000000000000e+02	1.741281141452030834e+00	1.199481266918317175e+02
5.930000000000000000e+02	1.888909951515559182e+00	1.212793791441669384e+02
5.940000000000000000e+02	2.071546133304526638e+00	1.229263128611499525e+02
5.950000000000000000e+02	2.016746409861129852e+00	1.224321527701086438e+02
5.960000000000000000e+02	1.518632576310884996e+00	1.179403786904387772e+02
5.970000000000000000e+02	1.267489712614065400e+00	1.156756814877788742e+02
5.980000000000000000e+02	1.110238653847124279e+00	1.142576597782919805e+02
5.990000000000000000e+02	1.621992636572370028e+00	1.188724347954592417e+02
6.000000000000000000e+02	2.333780980284348328e+00	1.252910327486801236e+02
6.010000000000000000e+02	1.913996007035487779e+00	1.215055942908984861e+02
6.020000000000000000e+02	2.463508640193642574e+00	1.264608604084413770e+02
6.030000000000000000e+02	1.559758412379339099e+00	1.183112336075576252e+02
6.040000000000000000e+02	1.336752537588765444e+00	1.163002635430264604e+02
6.050000000000000000e+02	2.129177802863220226e+00	1.234460102115463087e+02
6.060000000000000000e+02	2.168604322108353077e+00	1.238015414280448994e+02
6.070000000000000000e+02	1.646968177988905824e+00	1.190976533740338112e+02
6.080000000000000000e+02	2.329560704751548972e+00	1.252529761379809372e+02
6.090000000000000000e+02	1.539419100870250245e+00	1.181278225354665352e+02
6.100000000000000000e+02	2.788740616020715990e+00	1.293936610265003253e+02
6.110000000000000000e+02	2.079130595469079967e+00	1.229947062448794526e+02
6.120000000000000000e+02	1.712554606454940620e+00	1.196890832832618514e+02
6.130000000000000000e+02	2.188600728865007117e+00	1.239818603340987551e+02
6.140000000000000000e+02	1.385166978234091628e+00	1.167368439287234878e+02
6.150000000000000000e+02	2.779099168418522225e+00	1.293067186420229291e+02
6.160000000000000000e+02	1.619628301588265984e+00	1.188511142500699123e+02
6.170000000000000000e+02	1.460678791644587138e+00	1.174177766459874448e+02
6.180000000000000000e+02	1.609718700530533120e+00	1.187617537742651450e+02
6.190000000000000000e+02	1.336843232016714289e+00	1.163010813859635419e+02
6.200000000000000000e+02	1.830648462421751166e+00	1.207540023549111226e+02
6.210000000000000000e+02	2.793201256204324245e+00	1.294338851411623352e+02
6.220000000000000000e+02	1.910256603856514968e+00	1.214718739781076664e+02
6.230000000000000000e+02	1.598765206323120580e+00	1.186629799236936691e+02
6.240000000000000000e+02	2.009848327330896023e+00	1.223699488596332117e+02
6.250000000000000000e+02	1.967706076858792175e+00	1.219899283591376076e+02
6.260000000000000000e+02	1.653575026135814197e+00	1.191572310594056034e+02
6.270000000000000000e+02	1.957884817409716538e+00	1.219013645095680261e+02
6.280000000000000000e+02	2.258600908461910972e+00	1.246130915328883759e+02
6.290000000000000000e+02	1.521845802654213431e+00	1.179693541691926981e+02
6.300000000000000000e+02	1.776577601041301691e+00	1.202664148252031708e+02
6.310000000000000000e+02	1.916467927296905405e+00	1.215278849935639869e+02
6.320000000000000000e+02	1.267875865191846252e+00	1.156791636439103570e+02
6.330000000000000000e+02	2.554500826330847740e+00	1.272813883994640776e+02
6.340000000000000000e+02	2.146488869921468368e+00	1.236021138912001334e+02
6.350000000000000000e+02	1.881765575347814856e+00	1.212149542647032376e+02
6.360000000000000000e+02	2.109141734811286195e+00	1.232653336571677016e+02
6.370000000000000000e+02	1.911491621028928112e+00	1.214830108262522970e+02
6.380000000000000000e+02	1.717594546786771481e+00	1.197345312749071553e+02
6.390000000000000000e+02	1.545105858837490187e+00	1.181791032474526730e+02
6.400000000000000000e+02	2.305970990162683254e+00	1.250402543434829710e+02
6.410000000000000000e+02	1.836443309223724007e+00	1.208062577650354399e+02
6.420000000000000000e+02	1.425455200916727172e+00	1.171001456123407110e+02
6.430000000000000000e+02	1.738191693087807632e+00	1.199202673891016815e+02
6.440000000000000000e+02	1.462994050070905105e+00	1.174386546403064386e+02
6.450000000000000000e+02	1.792957651041143130e+00	1.204141229976275014e+02
6.460000000000000000e+02	2.326812120999278477e+00	1.252281906041878869e+02
6.470000000000000000e+02	1.985843114881643334e+00	1.221534802859981426e+02
6.480000000000000000e+02	1.224310737369019852e+00	1.152863122538227572e+02
6.490000000000000000e+02	1.718536765741998762e+00	1.197430277959740295e+02
6.500000000000000000e+02	1.767998811300468542e+00	1.201890550275075924e+02
6.510000000000000000e+02	1.186651755520124585e+00	1.149467199214235791e+02
6.520000000000000000e+02	2.078852277087371636e+00	1.229921964906653500e+02
6.530000000000000000e+02	1.357381461072947548e+00	1.164862862100488172e+02
6.540000000000000000e+02	1.927219698413380478e+00	1.216248397929665970e+02
6.550000000000000000e+02	1.772329750034414841e+00	1.202281095508624844e+02
6.560000000000000000e+02	2.062303413273753883e+00	1.228429660286318352e+02
6.570000000000000000e+02	2.117160377941592397e+00	1.233376422961591459e+02
6.580000000000000000e+02	1.539624755405050616e+00	1.181296770386876176e+02
6.590000000000000000e+02	1.532549316849074028e+00	1.180658738086477797e+02
6.600000000000000000e+02	2.051813267441470856e+00	1.227483704523444459e+02
6.610000000000000000e+02	1.432330861270303846e+00	1.171621473293713080e+02
6.620000000000000000e+02	1.152717775169264103e+00	1.146407180337152170e+02
6.630000000000000000e+02	1.787263018277185811e+00	1.203627712741468088e+02
6.640000000000000000e+02	2.785211470589083582e+00	1.293618367267008011e+02
6.650000000000000000e+02	1.771382874282015685e+00	1.202195710368224582e+02
6.660000000000000000e+02	1.470083895537218188e+00	1.175025877856026995e+02
6.670000000000000000e+02	2.423315562503159271e+00	1.260984167010150969e+02
6.680000000000000000e+02	1.525549743240737444e+00	1.180027546957362148e+02
6.690000000000000000e+02	1.699573428081738946e+00	1.195720246580782771e+02
6.700000000000000000e+02	1.525249872754673719e+00	1.180000505940111992e+02
6.710000000000000000e+02	2.870277083101168802e+00	1.301289214523541489e+02
6.720000000000000000e+02	2.302329235544812835e+00	1.250074145829798624e+02
6.730000000000000000e+02	2.392755181164063050e+00	1.258228364630895584e+02
6.740000000000000000e+02	1.260575835868009698e+00	1.156133351519290500e+02
6.750000000000000000e+02	2.348393665617272585e+00	1.254228035946029962e+02
6.760000000000000000e+02	2.747599927355941940e+00	1.290226721751225227e+02
6.770000000000000000e+02	1.722550222308974588e+00	1.197792194031191997e+02
6.780000000000000000e+02	1.277567869180507465e+00	1.157665619239100181e+02
6.790000000000000000e+02	1.098812297832235663e+00	1.141546218654379174e+02
6.800000000000000000e+02	1.264768816440645205e+00	1.156511456285393677e+02
6.810000000000000000e+02	2.080288589277201172e+00	1.230051485297978786e+02
6.820000000000000000e+02	2.738314435803248514e+00	1.289389396476074410e+02
6.830000000000000000e+02	1.447112916734452970e+00	1.172954454815323686e+02
6.840000000000000000e+02	1.955274699715999764e+00	1.218778276025161489e+02
6.850000000000000000e+02	2.212735082733530589e+00	1.241994934489302977e+02
6.860000000000000000e+02	1.701427674357260944e+00	1.195887454451689393e+02
6.870000000000000000e+02	1.914238955467415737e+00	1.215077850942765991e+02
6.880000000000000000e+02	2.464579377807818439e+00	1.264705158549227804e+02
6.890000000000000000e+02	1.370592723499332699e+00	1.166054196332336232e+02
6.900000000000000000e+02	1.721261467215195129e+00	1.197675979697532114e+02
6.910000000000000000e+02	1.654771911240078941e+00	1.191680240491311906e+02
6.920000000000000000e+02	2.801242554234360416e+00	1.295063980721941448e+02
6.930000000000000000e+02	2.793679401206514701e+00	1.294381968449989131e+02
6.940000000000000000e+02	2.801584881853189657e+00	1.295094850338913375e+02
6.950000000000000000e+02	1.867165654662390262e+00	1.210832985248242153e+02
6.960000000000000000e+02	1.433014216989209721e+00	1.171683095342703353e+02
6.970000000000000000e+02	1.872169208472912239e+00	1.211284183986332863e+02
6.980000000000000000e+02	1.871313794554948062e+00	1.211207046476685463e+02
6.990000000000000000e+02	1.220218614528601364e+00	1.152494112684106256e+02
7.000000000000000000e+02	2.420874132310367965e+00	1.260764009445380225e+02
7.010000000000000000e+02	1.279415955980910624e+00	1.157832271675308675e+02
7.020000000000000000e+02	2.275267099098831736e+00	1.247633799972263233e+02
7.030000000000000000e+02	2.609695882910410880e+00	1.277791134329226850e+02
7.040000000000000000e+02	1.536350206042259803e+00	1.181001485755940479e+02
7.050000000000000000e+02	1.951495968991342922e+00	1.218437526510093960e+02
7.060000000000000000e+02	2.068979406040389879e+00	1.229031672301353240e+02
7.070000000000000000e+02	2.180355003408615211e+00	1.239075039653765486e+02
7.080000000000000000e+02	2.170349768056777151e+00	1.238172811010684597e+02
7.090000000000000000e+02	2.329412430481442975e+00	1.252516390650504547e+02
7.100000000000000000e+02	1.842391854371640436e+00	1.208598991600489398e+02
7.110000000000000000e+02	1.658528634315182604e+00	1.192019005452183933e+02
7.120000000000000000e+02	1.583375653559181639e+00	1.185242036248904753e+02
7.130000000000000000e+02	1.114132371536746158e+00	1.142927716322775211e+02
7.140000000000000000e+02	2.120507026123460648e+00	1.233678209150703253e+02
7.150000000000000000e+02	1.702930231666767380e+00	1.196022948540017694e+02
7.160000000000000000e+02	2.301188924011301928e+00	1.249971317491294940e+02
7.170000000000000000e+02	1.533821136787056894e+00	1.180773425281385016e+02
7.180000000000000000e+02	1.211934610152107128e+00	1.151747097170222673e+02
7.190000000000000000e+02	1.100878134160406141e+00	1.141732506796701472e+02
7.200000000000000000e+02	2.048424956917743511e+00	1.227178161405400942e+02
7.210000000000000000e+02	1.810188460828358048e+00	1.205695029520895076e+02
7.220000000000000000e+02	1.028217735205956940e+00	1.135180307787975380e+02
7.230000000000000000e+02	2.829394657832543292e+00	1.297602615080461987e+02
7.240000000000000000e+02	2.044266399005732815e+00	1.226803160725238371e+02
7.250000000000000000e+02	1.455565099803910245e+00	1.173716635952864493e+02
7.260000000000000000e+02	2.875029356923087587e+00	1.301717753924277474e+02
7.270000000000000000e+02	1.756334258664709047e+00	1.200838691610424718e+02
7.280000000000000000e+02	1.476170799715982307e+00	1.175574768422280556e+02
7.290000000000000000e+02	1.871119057404017294e+00	1.211189485926707050e+02
7.300000000000000000e+02	1.400789889264062893e+00	1.168777245509564722e+02
7.310000000000000000e+02	2.149895931947227723e+00	1.236328372959007424e+02
7.320000000000000000e+02	2.349209336005712245e+00	1.254301589556903025e+02
7.330000000000000000e+02	1.605022656572818063e+00	1.187194068906704558e+02
7.340000000000000000e+02	1.524003808091750178e+00	1.179888141243981750e+02
7.350000000000000000e+02	1.281803329859305673e+00	1.158047554676566051e+02
7.360000000000000000e+02	9.498730519012936746e-01	1.128115524719421359e+02
7.370000000000000000e+02	1.700948585992198447e+00	1.195844252344959671e+02
7.380000000000000000e+02	1.387345801719799709e+00	1.167564916120402359e+02
7.390000000000000000e+02	1.207038972586455650e+00	1.151305629850109966e+02
7.400000000000000000e+02	2.472503747197727808e+00	1.265419743742929910e+02
7.410000000000000000e+02	1.450876129864502317e+00	1.173293805021146170e+02
7.420000000000000000e+02	3.097096688155419386e+00	1.321742820790247777e+02
7.430000000000000000e+02	1.508462551638941829e+00	1.178486698276564368e+02
7.440000000000000000e+02	3.132422002743945555e+00	1.324928304142396485e+02
7.450000000000000000e+02	3.157238994273098065e+00	1.327166192588327078e+02
7.460000000000000000e+02	1.447256764536148710e+00	1.172967426384943934e+02
7.470000000000000000e+02	1.858642370564808299e+00	1.210064392528977351e+02
7.480000000000000000e+02	2.904447897860738426e+00	1.304370590098362754e+02
7.490000000000000000e+02	1.098420303338798254e+00	1.141510870294498261e+02
7.500000000000000000e+02	1.670780881919736727e+00	1.193123859895104886e+02
7.510000000000000000e+02	2.198065431604872888e+00	1.240672089102178006e+02
7.520000000000000000e+02	1.591666138056323510e+00	1.185989636111906975e+02
7.530000000000000000e+02	1.215149897441183402e+00	1.152037037804893060e+02
7.540000000000000000e+02	2.942341031622452530e+00	1.307787628224270691e+02
7.550000000000000000e+02	2.366997612792893335e+00	1.255905659052929053e+02
7.560000000000000000e+02	2.882287908671836263e+00	1.302372298576622995e+02
7.570000000000000000e+02	2.206977485522808369e+00	1.241475739394318794e+02
7.580000000000000000e+02	1.605727636957633431e+00	1.187257640974089554e+02
7.590000000000000000e+02	9.639700043976864308e-01	1.129386726632733655e+02
7.600000000000000000e+02	1.401302572335559438e+00	1.168823477040924104e+02
7.610000000000000000e+02	1.825880349679774417e+00	1.207110055863397662e+02
7.620000000000000000e+02	8.072835238112883172e-01	1.115257420744631105e+02
7.630000000000000000e+02	1.729653579986385026e+00	1.198432743956629878e+02
7.640000000000000000e+02	2.237504162056693335e+00	1.244228502420715188e+02
7.650000000000000000e+02	1.637086755489115308e+00	1.190085470002186554e+02
7.660000000000000000e+02	2.512508489894586194e+00	1.269027197585937614e+02
7.670000000000000000e+02	1.287105069231001320e+00	1.158525642492702730e+02
7.680000000000000000e+02	1.736786426058623434e+00	1.199075953017362082e+02
7.690000000000000000e+02	2.434187609446030631e+00	1.261964560955504453e+02
7.700000000000000000e+02	2.343014831759596461e+00	1.253742996084186245e+02
7.710000000000000000e+02	2.427476145485389480e+00	1.261359350302345490e+02
7.720000000000000000e+02	2.787008259117210507e+00	1.293780393847955565e+02
7.730000000000000000e+02	2.628635896027226249e+00	1.279499062402221057e+02
7.740000000000000000e+02	1.137173199806664980e+00	1.145005438084873362e+02
7.750000000000000000e+02	1.787434006120773411e+00	1.203643131682120497e+02
7.760000000000000000e+02	1.228159790550932051e+00	1.153210213426881694e+02
7.770000000000000000e+02	1.727032946426171112e+00	1.198196426610970491e+02
7.780000000000000000e+02	3.034653307240270159e+00	1.316111948066988475e+02
7.790000000000000000e+02	4.028086462685196878e+00	1.405695432743730748e+02
7.800000000000000000e+02	3.319956957465208358e+00	1.341839391366077336e+02
7.810000000000000000e+02	1.770654615910250307e+00	1.202130039193138344e+02
7.820000000000000000e+02	3.400114598355388207e+00	1.349067659070906586e+02
7.830000000000000000e+02	1.189254766326186097e+00	1.149701927416511040e+02
7.840000000000000000e+02	1.352173245517515277e+00	1.164393207855664514e+02
7.850000000000000000e+02	2.291715191357681647e+00	1.249117017451724507e+02
7.860000000000000000e+02	1.519411581631561425e+00	1.179474034218789740e+02
7.870000000000000000e+02	1.190283352980054055e+00	1.149794680890904743e+02
7.880000000000000000e+02	1.788169672332983851e+00	1.203709470864064883e+02
7.890000000000000000e+02	1.855416716785172948e+00	1.209773517089239334e+02
7.900000000000000000e+02	1.668142859367054864e+00	1.192885974485674154e+02
7.910000000000000000e+02	1.024456209391254369e+00	1.134841109736918128e+02
7.920000000000000000e+02	1.396304435232558872e+00	1.168372766757977814e+02
7.930000000000000000e+02	1.291724451823392794e+00	1.158942198339881173e+02
7.940000000000000000e+02	2.260294284929551978e+00	1.246283616659627000e+02
7.950000000000000000e+02	2.706562598044385481e+00	1.286526153734739069e+02
7.960000000000000000e+02	2.116118825633598100e+00	1.233282500300855133e+02
7.970000000000000000e+02	1.004499056411220836e+00	1.133041460411365335e+02
7.980000000000000000e+02	1.782277038052825002e+00	1.203178098713005824e+02
7.990000000000000000e+02	1.230489718526904142e+00	1.153420316206308200e+02
8.000000000000000000e+02	2.158752421307143177e+00	1.237127012680779501e+02
8.010000000000000000e+02	1.879588635976794153e+00	1.211953235715139385e+02
8.020000000000000000e+02	1.917650326006525408e+00	1.215385473512781971e+02
8.030000000000000000e+02	1.901195106626877074e+00	1.213901613340540280e+02
8.040000000000000000e+02	1.292341191694240665e+00	1.158997813261193954e+02
8.050000000000000000e+02	2.692695823150424328e+00	1.285275708237304002e+02
8.060000000000000000e+02	1.401202278815145696e+00	1.168814433007110836e+02
8.070000000000000000e+02	1.656291635074540913e+00	1.191817282582258031e+02
8.080000000000000000e+02	1.743898124513711956e+00	1.199717255077883351e+02
8.090000000000000000e+02	1.252282490738951370e+00	1.155385493696933850e+02
8.100000000000000000e+02	1.256650509204191080e+00	1.155779382619508908e+02
8.110000000000000000e+02	3.041175372228404949e+00	1.316700079543900586e+02
8.120000000000000000e+02	1.578022100970095654e+00	1.184759276141994917e+02
8.130000000000000000e+02	1.417638938718724040e+00	1.170296619566456684e+02
8.140000000000000000e+02	2.264676940989923004e+00	1.246678825536918538e+02
8.150000000000000000e+02	1.904411062316269554e+00	1.214191614248646403e+02
8.160000000000000000e+02	2.078208200794185778e+00	1.229863884905573457e+02
8.170000000000000000e+02	2.269071408893081898e+00	1.247075099554860742e+02
8.180000000000000000e+02	1.904988573266404694e+00	1.214243691676371100e+02
8.190000000000000000e+02	2.220475840368810960e+00	1.242692962372916270e+02
8.200000000000000000e+02	9.271260391860782768e-01	1.126064297967177055e+02
8.210000000000000000e+02	1.541971231971555278e+00	1.181508365446279640e+02
8.220000000000000000e+02	1.445091498466948510e+00	1.172772172100679313e+02
8.230000000000000000e+02	1.571477412184062672e+00	1.184169104549307150e+02
8.240000000000000000e+02	1.848225421305812244e+00	1.209125037314983331e+02
8.250000000000000000e+02	1.197857649641103306e+00	1.150477698047271247e+02
8.260000000000000000e+02	1.186781500588837579e+00	1.149478899060683688e+02
8.270000000000000000e+02	2.257748162368159672e+00	1.246054018392029832e+02
8.280000000000000000e+02	1.320988965992097919e+00	1.161581145049315609e+02
8.290000000000000000e+02	9.951248970329975574e-01	1.132196139457042818e+02
8.300000000000000000e+02	1.621722285668447672e+00	1.188699968884972975e+02
8.310000000000000000e+02	1.549772164128649488e+00	1.182211819606762475e+02
8.320000000000000000e+02	1.721995166627739771e+00	1.197742141522030153e+02
8.330000000000000000e+02	1.927756343635919745e+00	1.216296790263671141e+02
8.340000000000000000e+02	1.096353920638241108e+00	1.141324532882688487e+02
8.350000000000000000e+02	3.196037755023514393e+00	1.330664896220384605e+02
8.360000000000000000e+02	1.791250548751306848e+00	1.203987290910536103e+02
8.370000000000000000e+02	1.071963336830549451e+00	1.139125096031988136e+02
8.380000000000000000e+02	1.296123710780784144e+00	1.159338904394272873e+02
8.390000000000000000e+02	1.568774231523849094e+00	1.183925343464904643e+02
8.400000000000000000e+02	1.159852759353580343e+00	1.147050582203539761e+02
8.410000000000000000e+02	1.766501172107802331e+00	1.201755499681151065e+02
8.420000000000000000e+02	1.652746288026379462e+00	1.191497578592893518e+02
8.430000000000000000e+02	2.591502036513941842e+00	1.276150492328367676e+02
8.440000000000000000e+02	1.662560324079982443e+00	1.192382565714177218e+02
8.450000000000000000e+02	1.639707688799781682e+00	1.190321814378039136e+02
8.460000000000000000e+02	1.869513371208306740e+00	1.211044692123600441e+02
8.470000000000000000e+02	1.291746814054471448e+00	1.158944214868697600e+02
8.480000000000000000e+02	1.798285806749806204e+00	1.204621699902878760e+02
8.490000000000000000e+02	2.065438159858256739e+00	1.228712338110265705e+02
8.500000000000000000e+02	2.372056141190920453e+00	1.256361815160411197e+02
8.510000000000000000e+02	2.036942779982630736e+00	1.226142748588862190e+02
8.520000000000000000e+02	2.634792858770679924e+00	1.280054270545376198e+02
8.530000000000000000e+02	1.937664574576555720e+00	1.217190271470513494e+02
8.540000000000000000e+02	1.107283719926956511e+00	1.142310134683608851e+02
8.550000000000000000e+02	1.970497725614644313e+00	1.220151022344176965e+02
8.560000000000000000e+02	1.569380254717277046e+00	1.183979992002820438e+02
8.570000000000000000e+02	1.778819827311012514e+00	1.202866342472723318e+02
8.580000000000000000e+02	2.045767713282593547e+00	1.226938542722284637e+02
8.590000000000000000e+02	2.261722622385010428e+00	1.246412417924063192e+02
8.600000000000000000e+02	1.957463838671872569e+00	1.218975683062599131e+02
8.610000000000000000e+02	2.486893752949462133e+00	1.266717371925252280e+02
8.620000000000000000e+02	1.546307525721586584e+00	1.181899393571907098e+02
8.630000000000000000e+02	1.742786081594465131e+00	1.199616975880163636e+02
8.640000000000000000e+02	8.268220621520303570e-01	1.117019321221236225e+02
8.650000000000000000e+02	2.264482674381227856e+00	1.246661307418393960e+02
8.660000000000000000e+02	1.379258603924110815e+00	1.166835647768689768e+02
8.670000000000000000e+02	1.614187324993546113e+00	1.188020498876890088e+02
8.680000000000000000e+02	2.380004874901707534e+00	1.257078597422687238e+02
8.690000000000000000e+02	1.502752055105139872e+00	1.177971750515933991e+02
8.700000000000000000e+02	9.287539413771965791e-01	1.126211095112202827e+02
8.710000000000000000e+02	1.129289200493144518e+00	1.144294493289218906e+02
8.720000000000000000e+02	2.861775464517400280e+00	1.300522575506157921e+02
8.730000000000000000e+02	2.316102494673348833e+00	1.251316158481910605e+02
8.740000000000000000e+02	2.913698879947270282e+00	1.305204803459826906e+02
8.750000000000000000e+02	1.831942520479512337e+00	1.207656716081017265e+02
8.760000000000000000e+02	1.694898115877096600e+00	1.195298647244231489e+02
8.770000000000000000e+02	1.378905598051056502e+00	1.166803815233157593e+02
8.780000000000000000e+02	1.427101122003839206e+00	1.171149878134166755e+02
8.790000000000000000e+02	1.627160987124008251e+00	1.189190407346619907e+02
8.800000000000000000e+02	1.212203341986378247e+00	1.151771330239177189e+02
8.810000000000000000e+02	1.611685662532307495e+00	1.187794909827909322e+02
8.820000000000000000e+02	1.912819693173635205e+00	1.214949868036970742e+02
8.830000000000000000e+02	1.133372361421309371e+00	1.144662694997039978e+02
8.840000000000000000e+02	2.418992421783948465e+00	1.260594324967682383e+02
8.850000000000000000e+02	2.049347731069542267e+00	1.227261373168200294e+02
8.860000000000000000e+02	1.622788064884992387e+00	1.188796076223036664e+02
8.870000000000000000e+02	1.880918235072236655e+00	1.212073133183368583e+02
8.880000000000000000e+02	2.228197928384258564e+00	1.243389306711347757e+02
8.890000000000000000e+02	1.665120426584151936e+00	1.192613424632259580e+02
8.900000000000000000e+02	2.034389112788473675e+00	1.225912469979070067e+02
8.910000000000000000e+02	1.467462884336057982e+00	1.174789526456348199e+02
8.920000000000000000e+02	2.342036508282838270e+00	1.253654775124669527e+02
8.930000000000000000e+02	1.670026494839190745e+00	1.193055832546611441e+02
8.940000000000000000e+02	1.490501238952139484e+00	1.176867025155093387e+02
8.950000000000000000e+02	2.615742891822276928e+00	1.278336427313689114e+02
8.960000000000000000e+02	1.860352210158436215e+00	1.210218578432876342e+02
8.970000000000000000e+02	1.398872383437051337e+00	1.168604333167219238e+02
8.980000000000000000e+02	1.345751643136841924e+00	1.163814135660100817e+02
8.990000000000000000e+02	2.443037255370259953e+00	1.262762583565986745e+02
9.000000000000000000e+02	2.053157445091337685e+00	1.227604916622355802e+02
9.010000000000000000e+02	1.075771639839400384e+00	1.139468512247128444e+02
9.020000000000000000e+02	1.636575085102230265e+00	1.190039329790324416e+02
9.030000000000000000e+02	2.773334864757752261e+00	1.292547386566725152e+02
9.040000000000000000e+02	3.508015879960221906e+00	1.358797727726525864e+02
9.050000000000000000e+02	1.932027298293055306e+00	1.216681926393853246e+02
9.060000000000000000e+02	2.985264460274723142e+00	1.311658276482654628e+02
9.070000000000000000e+02	2.301472648880289018e+00	1.249996902566963115e+02
9.080000000000000000e+02	1.784869821916216015e+00	1.203411904694035428e+02
9.090000000000000000e+02	2.308411945213006966e+00	1.250622658153317559e+02
9.100000000000000000e+02	2.863018324144976923e+00	1.300634651186128963e+02
9.110000000000000000e+02	7.761633536028336167e-01	1.112451139037878391e+02
9.120000000000000000e+02	2.438427818395520141e+00	1.262346924571386211e+02
9.130000000000000000e+02	2.629250581325734526e+00	1.279554492051128989e+02
9.140000000000000000e+02	1.854935819165399513e+00	1.209730151831782479e+02
9.150000000000000000e+02	2.431009903987174425e+00	1.261678009286959536e+02
9.160000000000000000e+02	1.710912209179993759e+00	1.196742728583926123e+02
9.170000000000000000e+02	1.450637371015063515e+00	1.173272274785706628e+02
9.180000000000000000e+02	1.981088060615713076e+00	1.221106012730887755e+02
9.190000000000000000e+02	2.702213759341037580e+00	1.286133994359739745e+02
9.200000000000000000e+02	2.437547540600399909e+00	1.262267544945350721e+02
9.210000000000000000e+02	1.606714947293162998e+00	1.187346672329475012e+02
9.220000000000000000e+02	9.959169048977964955e-01	1.132267559284367024e+02
9.230000000000000000e+02	1.788684813355173375e+00	1.203755924042736041e+02
9.240000000000000000e+02	1.984549313189237996e+00	1.221418133445989014e+02
9.250000000000000000e+02	1.461250654932448656e+00	1.174229334605959139e+02
9.260000000000000000e+02	2.384833154991576443e+00	1.257513990738357421e+02
9.270000000000000000e+02	2.018388552869754271e+00	1.224469609021146823e+02
9.280000000000000000e+02	2.126415562856565522e+00	1.234211015315859754e+02
9.290000000000000000e+02	1.417440706369227366e+00	1.170278743834661128e+02
9.300000000000000000e+02	1.567045955536452873e+00	1.183769495047136928e+02
9.310000000000000000e+02	2.228629633343870875e+00	1.243428235988493782e+02
9.320000000000000000e+02	1.489013834653786672e+00	1.176732897499458659e+02
9.330000000000000000e+02	2.952596569858032538e+00	1.308712428093636220e+02
9.340000000000000000e+02	1.813277820091426129e+00	1.205973614513440424e+02
9.350000000000000000e+02	1.919141329256779827e+00	1.215519925706258704e+02
9.360000000000000000e+02	2.571230720688108651e+00	1.274322513162675676e+02
9.370000000000000000e+02	1.300558192539396529e+00	1.159738786687806851e+02
9.380000000000000000e+02	1.205266865329241099e+00	1.151145828918912741e+02
9.390000000000000000e+02	2.243074046287470757e+00	1.244730770374934679e+02
9.400000000000000000e+02	1.516870761726683892e+00	1.179244914121712782e+02
9.410000000000000000e+02	1.703051872306471370e+00	1.196033917564277971e+02
9.420000000000000000e+02	2.588756565265056597e+00	1.275902917662465939e+02
9.430000000000000000e+02	1.700011947813883983e+00	1.195759790384499865e+02
9.440000000000000000e+02	1.125085002026989578e+00	1.143915376942229045e+02
9.450000000000000000e+02	1.649228070968618232e+00	1.191180321068161305e+02
9.460000000000000000e+02	1.797309856526454031e+00	1.204533692953040429e+02
9.470000000000000000e+02	2.802784593739140906e+00	1.295203035143057093e+02
9.480000000000000000e+02	1.328777196427559204e+00	1.162283453823741013e+02
9.490000000000000000e+02	1.898321277728538536e+00	1.213642463939630005e+02
9.500000000000000000e+02	1.438765551280659416e+00	1.172201725674844965e+02
9.510000000000000000e+02	2.364106215478111395e+00	1.255644925408573158e+02
9.520000000000000000e+02	1.570128263470992769e+00	1.184047444181519495e+02
9.530000000000000000e+02	2.269299260883868019e+00	1.247095646257186132e+02
9.540000000000000000e+02	1.135809671532318044e+00	1.144882481030740706e+02
9.550000000000000000e+02	1.970484112689035783e+00	1.220149794789704885e+02
9.560000000000000000e+02	2.848135821670807477e+00	1.299292611789679484e+02
9.570000000000000000e+02	1.322003240829166870e+00	1.161672607946266993e+02
9.580000000000000000e+02	1.170515715091899223e+00	1.148012121212739203e+02
9.590000000000000000e+02	2.075016619987739119e+00	1.229576082018482595e+02
9.600000000000000000e+02	1.751913013336747760e+00	1.200440002920683753e+02
9.610000000000000000e+02	2.257619151494997922e+00	1.246042384752146148e+02
9.620000000000000000e+02	1.794412169235525489e+00	1.204272392105970653e+02
9.630000000000000000e+02	1.638105951314468234e+00	1.190177376652475658e+02
9.640000000000000000e+02	2.133023807431250418e+00	1.234806918093366050e+02
9.650000000000000000e+02	2.048572656785442980e+00	1.227191480337593106e+02
9.660000000000000000e+02	1.920295328701162596e+00	1.215623988361079739e+02
9.670000000000000000e+02	1.818519534810189686e+00	1.206446289567232100e+02
9.680000000000000000e+02	2.591930737842495613e+00	1.276189150751118007e+02
9.690000000000000000e+02	2.944652791182567952e+00	1.307996092654911990e+02
9.700000000000000000e+02	1.404299095033508804e+00	1.169093690435478123e+02
9.710000000000000000e+02	1.467029544122875340e+00	1.174750449719141869e+02
9.720000000000000000e+02	2.268186249562841983e+00	1.246995279733202437e+02
9.730000000000000000e+02	1.578237764295774115e+00	1.184778723723470648e+02
9.740000000000000000e+02	1.644125116345745319e+00	1.190720158796790855e+02
9.750000000000000000e+02	1.881930460535228056e+00	1.212164411276671956e+02
9.760000000000000000e+02	3.018299241342641270e+00	1.314637209476160535e+02
9.770000000000000000e+02	1.742289096915487168e+00	1.199572159961619064e+02
9.780000000000000000e+02	1.478113927869776356e+00	1.175749991274705195e+02
9.790000000000000000e+02	1.389540790904200351e+00	1.167762850706024551e+02
9.800000000000000000e+02	1.708585241920307585e+00	1.196532892789027613e+02
9.810000000000000000e+02	1.875820370680327365e+00	1.211613429926905212e+02
9.820000000000000000e+02	2.433889984938483408e+00	1.261937722470836150e+02
9.830000000000000000e+02	1.190979787946814250e+00	1.149857482369626496e+02
9.840000000000000000e+02	3.078391337229528180e+00	1.320056053533831459e+02
9.850000000000000000e+02	2.830673375122287450e+00	1.297717924248576367e+02
9.860000000000000000e+02	1.640526789891029402e+00	1.190395677354782293e+02
9.870000000000000000e+02	9.854857963259628928e-01	1.131326927245075211e+02
9.880000000000000000e+02	2.041771440965765461e+00	1.226578176251831565e+02
9.890000000000000000e+02	1.460909723432888052e+00	1.174198590884955564e+02
9.900000000000000000e+02	1.878618884662652588e+00	1.211865787755994432e+02
9.910000000000000000e+02	1.916456423844843826e+00	1.215277812604324907e+02
9.920000000000000000e+02	2.386990530741466721e+00	1.257708533507916684e+02
9.930000000000000000e+02	2.284211100240407077e+00	1.248440331126194991e+02
9.940000000000000000e+02	1.574978558437671428e+00	1.184484822703107625e+02
9.950000000000000000e+02	2.612133613715502900e+00	1.278010958299291815e+02
9.960000000000000000e+02	1.389764193410378823e+00	1.167782996173164634e+02
9.970000000000000000e+02	2.414137306443915776e+00	1.260156511765773502e+02
9.980000000000000000e+02	1.106537999407327888e+00	1.142242888847915481e+02
9.990000000000000000e+02	1.175489494160776527e+00	1.148460634994024048e+02
