GENERALIZED BORN:
Frame #,BOND,ANGLE,DIHED,UB,IMP,CMAP,VDWAALS,EEL,1-4 VDW,1-4 EEL,EGB,ESURF,G gas,G solv,TOTAL
0,501.9401,1403.9122,-1081.1929,0.0,0.0,0.0,-1254.2882,-16352.9203,635.9566,11787.5406,-1883.5459,54.38654784,-4359.0519,-1829.15935216,-6188.21125216
1,482.1754,1442.3494,-1114.5088,0.0,0.0,0.0,-1263.1244,-16260.4843,603.905,11755.3387,-1915.0823,54.58563144,-4354.349,-1860.49666856,-6214.84566856
2,494.159,1403.5732,-1063.9642,0.0,0.0,0.0,-1268.5332,-16159.6435,607.0863,11759.903,-2054.6001,56.126741759999994,-4227.419399999999,-1998.4733582400002,-6225.892758239998
3,516.8913,1440.987,-1092.5484,0.0,0.0,0.0,-1321.3898,-16078.8765,606.698,11742.6144,-2097.6588,55.41934248,-4185.623999999998,-2042.23945752,-6227.8634575199985
4,478.8269,1361.0193,-1082.4865,0.0,0.0,0.0,-1283.3455,-16070.6787,614.7685,11827.2297,-2174.3045,58.037397840000004,-4154.666299999999,-2116.2671021600004,-6270.933402159999
5,524.4324,1396.6821,-1082.0568,0.0,0.0,0.0,-1292.0417,-16035.5157,605.8816,11806.919,-2183.0267,58.8440664,-4075.6991,-2124.1826336,-6199.8817336
6,493.5465,1417.4573,-1122.1352,0.0,0.0,0.0,-1274.1875,-16198.8794,625.1002,11813.0256,-2026.9223,56.72715336,-4246.072499999998,-1970.1951466399998,-6216.267646639999
7,530.5827,1383.2782,-1111.8866,0.0,0.0,0.0,-1286.1308,-16072.7757,605.8735,11755.6425,-2101.2052,56.907957599999996,-4195.4162,-2044.2972424,-6239.7134424
8,509.3926,1414.4019,-1088.8771,0.0,0.0,0.0,-1268.1679,-16179.4059,616.0729,11757.2728,-2023.6042,57.818275199999995,-4239.3107,-1965.7859248,-6205.0966247999995
9,540.8299,1389.79,-1107.7594,0.0,0.0,0.0,-1290.3526,-16038.6384,600.0036,11787.5814,-2154.3814,56.52109728,-4118.5455,-2097.86030272,-6216.405802720001
10,482.3085,1389.5279,-1126.2333,0.0,0.0,0.0,-1290.7947,-15932.7757,608.8498,11777.4228,-2234.9326,57.31373376,-4091.6947,-2177.61886624,-6269.31356624
11,481.8087,1452.0949,-1095.4036,0.0,0.0,0.0,-1255.085,-16167.2386,620.2409,11808.1844,-2078.6065,56.79849888,-4155.398299999999,-2021.80800112,-6177.206301119999
12,536.7693,1322.5771,-1078.7865,0.0,0.0,0.0,-1262.7279,-16156.3478,613.7499,11709.1998,-2000.1938,57.39713496,-4315.5661,-1942.79666504,-6258.36276504
13,519.0431,1414.1929,-1106.4964,0.0,0.0,0.0,-1294.1776,-16096.629,601.2312,11784.1228,-2065.8008,56.09007792,-4178.713000000003,-2009.7107220799999,-6188.423722080003
14,479.9226,1450.7642,-1095.8457,0.0,0.0,0.0,-1267.4861,-16158.6722,602.7656,11776.6141,-2028.841,54.96337656,-4211.9375,-1973.87762344,-6185.81512344
15,512.0938,1460.4205,-1096.4539,0.0,0.0,0.0,-1276.2901,-16037.8862,606.8703,11711.338,-2110.5661,58.39732727999999,-4119.9076000000005,-2052.16877272,-6172.07637272
16,481.0984,1415.4697,-1086.2605,0.0,0.0,0.0,-1284.324,-16056.2899,607.8602,11812.7365,-2142.598,57.46021055999999,-4109.7096,-2085.13778944,-6194.84738944
17,523.5356,1503.8211,-1083.5358,0.0,0.0,0.0,-1259.1758,-15990.205,607.4805,11687.6978,-2184.3527,57.67310376,-4010.3816000000006,-2126.67959624,-6137.06119624
18,507.8925,1393.1618,-1119.5557,0.0,0.0,0.0,-1248.7203,-16148.7882,624.8748,11797.5555,-2085.0394,58.64406192,-4193.579600000001,-2026.39533808,-6219.97493808
19,503.3295,1415.7137,-1092.3661,0.0,0.0,0.0,-1287.8154,-16153.9592,625.2557,11831.1986,-2079.678,55.20549096,-4158.6432,-2024.47250904,-6183.11570904
20,530.3301,1370.8223,-1044.3531,0.0,0.0,0.0,-1274.9202,-16152.7017,600.9805,11727.3288,-2029.5533,54.932405759999995,-4242.5133000000005,-1974.62089424,-6217.13419424
21,534.3326,1404.3905,-1091.2609,0.0,0.0,0.0,-1268.9175,-16040.6877,612.2506,11730.0116,-2124.9072,57.92523696,-4119.880800000001,-2066.98196304,-6186.862763040001
22,504.3595,1444.8389,-1096.456,0.0,0.0,0.0,-1245.2446,-16139.7894,606.0419,11736.5771,-2060.7617,57.64910976,-4189.6726,-2003.11259024,-6192.78519024
23,521.2923,1414.0603,-1102.9462,0.0,0.0,0.0,-1265.8425,-16174.2144,611.1937,11722.7256,-2002.3058,56.31801408,-4273.7312,-1945.98778592,-6219.718985920001
24,511.3086,1412.2268,-1107.107,0.0,0.0,0.0,-1269.7674,-16058.411,609.6427,11694.0028,-2084.4375,57.66282072,-4208.1044999999995,-2026.77467928,-6234.879179279999
25,523.1028,1414.736,-1119.1988,0.0,0.0,0.0,-1258.1529,-16214.5543,611.8379,11747.8833,-2032.1018,59.42166551999999,-4294.346000000001,-1972.6801344799999,-6267.026134480002
26,490.6538,1446.4755,-1076.7338,0.0,0.0,0.0,-1266.202,-16084.596,613.3206,11770.8669,-2139.0288,59.32682424,-4106.215,-2079.70197576,-6185.91697576
27,491.4435,1432.8427,-1062.9336,0.0,0.0,0.0,-1275.82,-16198.901,624.7856,11820.2951,-2041.7199,58.69972728,-4168.287700000001,-1983.0201727200001,-6151.307872720001
28,515.2506,1398.4171,-1114.6826,0.0,0.0,0.0,-1268.7236,-16150.9205,623.7457,11841.2616,-2113.8668,58.09428504,-4155.6517,-2055.7725149599996,-6211.42421496
29,498.6539,1430.5594,-1096.8618,0.0,0.0,0.0,-1277.9685,-16158.127,611.819,11740.2786,-2007.0453,57.64131576,-4251.6464,-1949.40398424,-6201.050384239999
30,483.4101,1436.9016,-1092.7462,0.0,0.0,0.0,-1258.4794,-16134.0517,593.447,11820.8714,-2132.3871,58.344771599999994,-4150.647199999999,-2074.0423284,-6224.689528399999
31,505.6332,1413.822,-1118.2284,0.0,0.0,0.0,-1260.6712,-16133.3583,613.8173,11850.1873,-2125.8365,58.788383759999995,-4128.7981,-2067.0481162399997,-6195.846216239999
32,491.7718,1419.1144,-1128.1949,0.0,0.0,0.0,-1279.3461,-16012.2047,592.0056,11714.0371,-2142.5081,58.187138399999995,-4202.816799999999,-2084.3209616,-6287.137761599999
33,526.4077,1438.9336,-1102.8671,0.0,0.0,0.0,-1277.7646,-16041.5321,623.8388,11770.0101,-2182.6718,58.770742320000004,-4062.973600000003,-2123.90105768,-6186.874657680003
34,523.2822,1444.3695,-1075.067,0.0,0.0,0.0,-1262.2835,-16009.9117,619.8644,11805.1482,-2234.6365,57.45067776,-3954.5979000000007,-2177.18582224,-6131.783722240001
35,554.2931,1428.1966,-1084.6952,0.0,0.0,0.0,-1285.3719,-16052.8148,604.6229,11812.6597,-2174.8106,55.97033472,-4023.1096000000016,-2118.8402652799996,-6141.949865280001
36,514.5683,1406.611,-1114.4054,0.0,0.0,0.0,-1274.8351,-16069.4001,603.4838,11789.2199,-2160.8994,57.233217599999996,-4144.757599999999,-2103.6661824,-6248.423782399999
37,518.8878,1470.7826,-1101.5725,0.0,0.0,0.0,-1286.2499,-15935.5026,603.4163,11706.6818,-2199.9851,57.335917679999994,-4023.556499999999,-2142.64918232,-6166.205682319998
38,512.6679,1394.2985,-1083.9833,0.0,0.0,0.0,-1246.5769,-16024.8076,594.5716,11726.686,-2145.001,58.1026464,-4127.1438,-2086.8983536,-6214.0421536
39,511.4492,1427.4997,-1107.2828,0.0,0.0,0.0,-1259.9789,-15960.3136,597.8523,11689.0532,-2178.4847,57.92998392,-4101.7209,-2120.55471608,-6222.27561608
40,536.2035,1405.2262,-1113.5214,0.0,0.0,0.0,-1252.8729,-15921.2623,611.0626,11730.8786,-2233.6878,60.975635759999996,-4004.2857000000004,-2172.71216424,-6176.99786424
41,470.9899,1408.6308,-1066.2704,0.0,0.0,0.0,-1278.4975,-15997.834,614.7838,11752.2558,-2181.3123,59.97501072,-4095.941600000002,-2121.33728928,-6217.278889280002
42,495.5563,1487.4465,-1125.3223,0.0,0.0,0.0,-1248.9508,-16089.2044,592.7138,11727.6965,-2083.5068,58.58375256,-4160.064399999999,-2024.9230474400001,-6184.987447439999
43,490.9205,1519.9301,-1086.2714,0.0,0.0,0.0,-1289.0301,-16045.1848,589.4539,11636.8826,-2045.7268,56.37737592,-4183.299200000001,-1989.3494240799998,-6172.648624080001
44,511.6769,1465.9133,-1115.8569,0.0,0.0,0.0,-1266.4627,-16035.1246,606.374,11707.1956,-2091.6208,57.47608655999999,-4126.2844000000005,-2034.1447134400003,-6160.429113440001
45,503.4848,1477.5328,-1128.7516,0.0,0.0,0.0,-1259.9757,-16069.5256,601.0285,11688.5458,-2063.1795,58.18276944,-4187.661,-2004.9967305600003,-6192.65773056
46,499.5993,1428.361,-1090.678,0.0,0.0,0.0,-1237.0547,-16110.636,613.7545,11756.3522,-2094.5929,59.92074792,-4140.301700000002,-2034.6721520800002,-6174.973852080001
47,528.8553,1466.6987,-1073.3116,0.0,0.0,0.0,-1299.8929,-16179.6987,598.7273,11755.9635,-2013.693,55.81101384,-4202.6584,-1957.88198616,-6160.540386160001
48,496.9448,1420.854,-1087.9257,0.0,0.0,0.0,-1278.5578,-16043.6309,588.962,11702.4474,-2103.5643,57.070594799999995,-4200.906200000003,-2046.4937052,-6247.399905200003
49,513.2215,1438.9139,-1066.1958,0.0,0.0,0.0,-1272.1835,-16142.9946,595.6299,11717.1491,-2057.298,56.9869992,-4216.459499999999,-2000.3110007999999,-6216.770500799998
50,540.4843,1412.3803,-1126.6648,0.0,0.0,0.0,-1269.4922,-16124.3068,608.8355,11758.2641,-2066.7293,57.60774432,-4200.499600000001,-2009.12155568,-6209.621155680001
51,533.5127,1423.4255,-1088.453,0.0,0.0,0.0,-1288.8493,-16048.0476,611.8021,11790.679,-2164.8299,57.80646504,-4065.9305999999997,-2107.02343496,-6172.95403496
52,483.6415,1421.7422,-1063.726,0.0,0.0,0.0,-1269.6585,-16117.6706,614.66,11763.1144,-2058.9931,57.181774319999995,-4167.896999999999,-2001.8113256800002,-6169.708325679999
53,508.555,1391.8915,-1066.4299,0.0,0.0,0.0,-1286.3157,-16020.5678,590.4754,11705.6839,-2091.5528,57.3769908,-4176.707600000002,-2034.1758092,-6210.883409200001
54,506.1141,1395.0803,-1097.2454,0.0,0.0,0.0,-1264.8211,-16036.1361,612.3995,11657.4771,-2062.8155,57.30555744,-4227.131600000001,-2005.5099425600001,-6232.641542560002
55,510.0994,1478.2771,-1071.2835,0.0,0.0,0.0,-1254.4003,-15958.4672,601.5666,11704.6284,-2194.2078,57.92075064,-3989.5795,-2136.2870493600003,-6125.86654936
56,478.4789,1429.4205,-1123.1619,0.0,0.0,0.0,-1240.7171,-16077.3425,606.1874,11686.9835,-2043.239,56.339982719999995,-4240.1512,-1986.89901728,-6227.05021728
57,490.146,1475.8982,-1098.9436,0.0,0.0,0.0,-1270.2559,-15947.7318,603.7074,11721.5898,-2173.744,58.34414808,-4025.589900000001,-2115.39985192,-6140.989751920001
58,515.7294,1412.1518,-1088.8881,0.0,0.0,0.0,-1273.3257,-16230.2222,604.0631,11717.6896,-1917.8936,55.769929919999996,-4342.802099999999,-1862.12367008,-6204.925770079999
59,500.9532,1461.3217,-1100.6818,0.0,0.0,0.0,-1229.3995,-16238.9187,620.6073,11673.8104,-1912.6349,57.132595439999996,-4312.3074,-1855.50230456,-6167.80970456
60,532.03,1417.4122,-1120.8668,0.0,0.0,0.0,-1274.4419,-16085.3532,607.0321,11754.2999,-2076.0258,55.50726672,-4169.887700000001,-2020.51853328,-6190.40623328
61,502.8094,1454.2772,-1094.5958,0.0,0.0,0.0,-1244.477,-16104.4106,601.9185,11678.4531,-2048.1449,56.340948239999996,-4206.025199999998,-1991.8039517599998,-6197.829151759997
62,465.153,1518.2508,-1097.8451,0.0,0.0,0.0,-1293.8672,-16042.4156,603.1882,11731.9345,-2132.6405,56.63556648,-4115.6014,-2076.00493352,-6191.606333519999
63,509.2885,1485.8892,-1111.3234,0.0,0.0,0.0,-1288.8211,-16115.4719,590.3835,11696.2744,-2020.579,53.30362608,-4233.780799999999,-1967.27537392,-6201.056173919998
64,537.6097,1445.4066,-1110.9945,0.0,0.0,0.0,-1274.0241,-16130.431,603.137,11719.5189,-2055.1639,56.250122399999995,-4209.777400000001,-1998.9137776,-6208.691177600001
65,504.7794,1472.8345,-1063.2967,0.0,0.0,0.0,-1302.5168,-16366.4738,608.7358,11754.2921,-1858.0267,53.54609256,-4391.645499999999,-1804.4806074399999,-6196.126107439999
66,489.404,1434.6077,-1088.7554,0.0,0.0,0.0,-1303.4933,-16116.2258,599.0368,11754.4801,-2058.2665,54.76975344,-4230.945900000001,-2003.4967465600002,-6234.44264656
67,499.0383,1378.7163,-1076.841,0.0,0.0,0.0,-1273.7185,-16087.2347,607.0757,11727.8912,-2080.4172,58.0216644,-4225.072700000001,-2022.3955356,-6247.4682356
68,506.3885,1391.8538,-1081.1381,0.0,0.0,0.0,-1265.3612,-16101.0594,602.4613,11739.121,-2087.6141,59.16672,-4207.7341,-2028.4473799999998,-6236.181479999999
69,537.646,1454.5755,-1089.341,0.0,0.0,0.0,-1275.5407,-16143.5517,603.7777,11717.5864,-2043.9949,57.09143304,-4194.847799999998,-1986.9034669599998,-6181.751266959997
70,511.9957,1447.0705,-1108.9833,0.0,0.0,0.0,-1281.4807,-16073.5084,606.5902,11737.3707,-2101.2002,57.312616320000004,-4160.945300000001,-2043.8875836800003,-6204.832883680001
71,549.3456,1432.2815,-1059.7164,0.0,0.0,0.0,-1280.3711,-16104.836,598.5021,11758.3752,-2097.5909,56.27226744,-4106.419099999999,-2041.3186325600002,-6147.737732559999
72,508.6575,1464.0482,-1097.6737,0.0,0.0,0.0,-1289.6042,-16209.9997,587.4668,11775.1693,-2022.9225,55.86894648,-4261.935799999999,-1967.05355352,-6228.989353519999
73,505.8916,1454.9962,-1130.2916,0.0,0.0,0.0,-1269.2863,-16307.3388,617.0942,11717.4935,-1903.9754,55.8212796,-4411.441200000001,-1848.1541204,-6259.595320400002
74,551.0407,1445.6047,-1092.7208,0.0,0.0,0.0,-1263.5325,-16252.7827,587.3336,11702.4135,-1907.9453,57.33303264,-4322.643499999998,-1850.61226736,-6173.255767359999
75,500.0541,1402.5152,-1065.761,0.0,0.0,0.0,-1289.039,-16175.4068,619.6459,11749.8514,-2033.3786,56.298103919999996,-4258.140200000002,-1977.08049608,-6235.220696080001
76,515.1042,1405.3253,-1065.2674,0.0,0.0,0.0,-1275.4769,-16276.0708,601.0529,11789.2252,-1972.922,57.117751199999994,-4306.107499999996,-1915.8042488,-6221.9117487999965
77,509.229,1405.9444,-1081.3137,0.0,0.0,0.0,-1248.9358,-16270.7646,611.4229,11824.2476,-2040.6494,58.43940624,-4250.1702000000005,-1982.20999376,-6232.380193760001
78,526.1174,1403.953,-1096.2259,0.0,0.0,0.0,-1290.2084,-16096.2977,615.2366,11764.8107,-2098.872,58.58596584,-4172.614299999999,-2040.2860341599999,-6212.900334159998
79,529.5374,1421.5918,-1082.818,0.0,0.0,0.0,-1276.8014,-16136.1432,601.4341,11776.4554,-2076.3897,60.21130967999999,-4166.743899999998,-2016.1783903200003,-6182.922290319997
80,517.2875,1439.7455,-1118.8489,0.0,0.0,0.0,-1268.9763,-16130.0567,622.454,11822.0022,-2108.5951,60.3934668,-4116.3927,-2048.2016332,-6164.594333200001
81,513.7578,1441.825,-1107.5106,0.0,0.0,0.0,-1239.9264,-16054.6745,592.6626,11741.2801,-2140.5932,60.02588015999999,-4112.585999999999,-2080.56731984,-6193.153319839998
82,483.4993,1429.5053,-1056.8419,0.0,0.0,0.0,-1252.5728,-16055.4127,617.3029,11747.0992,-2152.1481,58.03030584,-4087.4207000000006,-2094.11779416,-6181.5384941600005
83,498.2638,1446.755,-1060.8776,0.0,0.0,0.0,-1262.8961,-16188.1742,621.9366,11822.8859,-2080.6688,58.50493272,-4122.106600000001,-2022.16386728,-6144.27046728
84,504.9199,1447.7604,-1088.295,0.0,0.0,0.0,-1259.2626,-16118.6113,605.0571,11730.9599,-2050.4003,57.78265608,-4177.471600000001,-1992.6176439199999,-6170.08924392
85,506.0663,1411.3863,-1122.3194,0.0,0.0,0.0,-1281.5682,-16194.0483,609.2583,11797.5861,-2031.5054,58.55226264,-4273.6389,-1972.95313736,-6246.59203736
86,508.292,1407.0061,-1092.3802,0.0,0.0,0.0,-1249.8399,-16105.3289,609.8431,11750.6728,-2100.247,59.189423039999994,-4171.734999999999,-2041.0575769599998,-6212.792576959998
87,520.6139,1429.6774,-1085.7537,0.0,0.0,0.0,-1278.2692,-16228.4919,601.0121,11756.3692,-1978.5365,57.05795664,-4284.842200000001,-1921.47854336,-6206.320743360001
88,525.5844,1434.2272,-1097.8293,0.0,0.0,0.0,-1279.1467,-15999.0485,607.4191,11765.3197,-2212.0471,58.53173184,-4043.474100000003,-2153.51536816,-6196.989468160003
89,477.5058,1422.3207,-1086.1658,0.0,0.0,0.0,-1294.6593,-16085.6532,617.7466,11831.1972,-2166.511,56.536432559999994,-4117.707999999999,-2109.97456744,-6227.682567439999
90,465.7248,1410.9469,-1088.7738,0.0,0.0,0.0,-1295.5218,-16038.9094,622.8401,11783.0814,-2164.0497,57.40872912,-4140.611800000001,-2106.64097088,-6247.25277088
91,500.459,1454.7032,-1097.7535,0.0,0.0,0.0,-1265.797,-16201.216,608.0659,11657.3214,-1950.4129,57.59135568,-4344.216999999999,-1892.82154432,-6237.038544319999
92,532.5131,1357.7569,-1082.3253,0.0,0.0,0.0,-1256.1766,-15906.6055,601.6881,11660.0035,-2187.2047,59.414735519999994,-4093.1458000000002,-2127.78996448,-6220.93576448
93,519.9364,1452.6851,-1103.777,0.0,0.0,0.0,-1292.7614,-15884.761,602.2162,11734.1059,-2251.2755,58.83148008,-3972.3557999999994,-2192.4440199200003,-6164.799819919999
94,506.2404,1455.0217,-1057.8814,0.0,0.0,0.0,-1279.4962,-16128.1474,622.6521,11740.6935,-2028.5785,58.28121648,-4140.917300000003,-1970.29728352,-6111.214583520003
95,518.7084,1405.5275,-1083.9775,0.0,0.0,0.0,-1269.7102,-16135.2124,593.5486,11791.3366,-2102.0727,58.985664480000004,-4179.778999999999,-2043.0870355200002,-6222.866035519999
96,533.6687,1393.8756,-1098.4078,0.0,0.0,0.0,-1255.3407,-16219.3361,596.4641,11774.842,-2006.4601,56.53012392,-4274.234200000001,-1949.92997608,-6224.164176080001
97,506.8902,1386.9949,-1126.1305,0.0,0.0,0.0,-1277.3219,-16100.7406,609.3617,11760.2339,-2059.6686,57.0769164,-4240.712300000001,-2002.5916836,-6243.303983600001
98,489.1667,1415.6478,-1073.3555,0.0,0.0,0.0,-1258.3782,-16062.883,607.0496,11733.7133,-2093.3188,57.11067,-4149.039299999999,-2036.20813,-6185.2474299999985
99,489.1381,1476.2078,-1097.0668,0.0,0.0,0.0,-1280.6083,-16110.9471,597.4954,11761.1925,-2065.3278,56.894425919999996,-4164.588400000002,-2008.43337408,-6173.021774080003
100,522.0235,1391.0437,-1089.942,0.0,0.0,0.0,-1293.2524,-16251.4861,595.9618,11779.6656,-1959.1306,54.74802527999999,-4345.9859,-1904.3825747199999,-6250.36847472
101,486.2698,1388.7042,-1075.3793,0.0,0.0,0.0,-1268.3655,-16112.614,610.1095,11740.1494,-2036.8078,58.02519383999999,-4231.125899999999,-1978.7826061600001,-6209.90850616
102,478.961,1414.3117,-1102.9291,0.0,0.0,0.0,-1267.6793,-15998.9379,593.9688,11736.5294,-2156.4969,59.068549440000005,-4145.7754,-2097.42835056,-6243.20375056
103,490.9152,1400.3034,-1115.547,0.0,0.0,0.0,-1252.867,-16115.3841,616.995,11753.9493,-2042.0977,58.54270104,-4221.635199999999,-1983.55499896,-6205.190198959999
104,528.5709,1413.9456,-1076.4995,0.0,0.0,0.0,-1304.896,-16140.0919,601.0871,11709.0392,-1995.5476,53.78166648,-4268.8446,-1941.76593352,-6210.61053352
105,509.4455,1414.729,-1087.6879,0.0,0.0,0.0,-1288.9933,-16112.8642,602.0302,11767.6995,-2073.0796,55.419978959999995,-4195.641200000002,-2017.65962104,-6213.300821040002
106,522.3853,1428.6243,-1103.679,0.0,0.0,0.0,-1295.2729,-16167.6756,606.6147,11732.4724,-1989.8403,55.29451464,-4276.5308,-1934.54578536,-6211.0765853600005
107,479.989,1513.6074,-1097.9987,0.0,0.0,0.0,-1286.5308,-16129.639,595.0855,11683.5433,-1996.7725,55.61662392,-4241.943299999999,-1941.15587608,-6183.099176079999
108,552.5886,1486.4514,-1079.2245,0.0,0.0,0.0,-1261.4311,-16067.1889,593.2073,11607.7091,-2003.3726,55.7875332,-4167.888099999998,-1947.5850667999998,-6115.473166799998
109,478.4675,1448.7997,-1127.4516,0.0,0.0,0.0,-1265.5232,-16067.0387,618.2942,11722.3659,-2098.2655,58.86966384,-4192.086199999998,-2039.39583616,-6231.482036159998
110,515.075,1473.6609,-1131.9756,0.0,0.0,0.0,-1262.8168,-16067.4282,579.9567,11726.8527,-2094.6934,57.15728927999999,-4166.675300000001,-2037.5361107200001,-6204.2114107200005
111,501.1386,1437.4856,-1101.6704,0.0,0.0,0.0,-1280.4022,-15998.758,598.9077,11757.1665,-2162.8651,59.17131359999999,-4086.1322,-2103.6937864,-6189.8259864
112,496.0047,1434.1692,-1092.5801,0.0,0.0,0.0,-1291.0532,-16107.3691,599.6586,11749.9857,-2047.0778,56.1336732,-4211.1842,-1990.9441268,-6202.1283268
113,485.1218,1396.7144,-1097.889,0.0,0.0,0.0,-1301.0648,-16051.9316,608.2739,11764.7068,-2130.3578,57.31044119999999,-4196.068500000001,-2073.0473588000004,-6269.115858800001
114,532.6995,1437.9705,-1077.619,0.0,0.0,0.0,-1299.9206,-16103.2629,585.0291,11694.9861,-2016.1123,54.98088264,-4230.1173,-1961.1314173600001,-6191.248717359999
115,553.8867,1405.4929,-1094.9592,0.0,0.0,0.0,-1258.8227,-16196.3757,597.2149,11714.9576,-2009.9561,56.589131519999995,-4278.605500000003,-1953.3669684800002,-6231.972468480004
116,506.422,1432.8796,-1077.1184,0.0,0.0,0.0,-1286.2588,-16101.921,606.035,11753.4255,-2078.5119,57.202975439999996,-4166.536099999999,-2021.30892456,-6187.845024559999
117,501.1331,1393.0773,-1079.5109,0.0,0.0,0.0,-1294.5181,-16095.6555,612.1333,11738.3169,-2046.5526,58.16097936,-4225.0239,-1988.39162064,-6213.41552064
118,544.0017,1397.1662,-1076.3154,0.0,0.0,0.0,-1309.8827,-16164.7073,599.5922,11707.0722,-1973.2871,56.34953064,-4303.0731,-1916.93756936,-6220.010669359999
119,525.2758,1434.9641,-1070.0143,0.0,0.0,0.0,-1278.1083,-16225.2217,608.7671,11732.7863,-1964.7481,55.36681416,-4271.5509999999995,-1909.38128584,-6180.932285839999
120,493.5087,1394.8014,-1089.85,0.0,0.0,0.0,-1278.0968,-16106.092,613.4618,11718.279,-2052.9235,56.29326336,-4253.987899999998,-1996.6302366399998,-6250.618136639998
121,498.5789,1411.3061,-1104.0121,0.0,0.0,0.0,-1266.0736,-16145.2833,604.2431,11726.3992,-2040.9964,57.9739644,-4274.841700000001,-1983.0224355999999,-6257.864135600001
122,542.643,1435.7329,-1073.091,0.0,0.0,0.0,-1279.8287,-16105.2256,607.7394,11722.3766,-2052.5678,56.96635896,-4149.653400000001,-1995.6014410399998,-6145.25484104
123,528.9912,1417.3027,-1066.1353,0.0,0.0,0.0,-1255.8128,-16219.1276,608.677,11743.1364,-1965.3563,57.729155039999995,-4242.968400000002,-1907.62714496,-6150.5955449600015
124,533.7616,1436.17,-1116.5429,0.0,0.0,0.0,-1269.2053,-16045.8538,593.9628,11775.5311,-2137.3232,58.93442064,-4092.1764999999996,-2078.3887793599997,-6170.565279359999
125,508.0375,1468.9658,-1083.2517,0.0,0.0,0.0,-1304.2751,-16114.8878,581.6056,11673.1952,-1996.2658,55.1299644,-4270.610499999999,-1941.1358355999998,-6211.746335599999
126,496.6709,1414.5875,-1095.6554,0.0,0.0,0.0,-1264.6631,-15981.2545,612.3587,11771.2994,-2225.1393,59.487367680000006,-4046.6564999999973,-2165.65193232,-6212.308432319997
127,524.7967,1407.561,-1092.5149,0.0,0.0,0.0,-1295.4526,-16038.2196,591.4783,11720.7326,-2095.8997,56.60207352,-4181.618499999999,-2039.29762648,-6220.916126479999
128,515.1051,1412.6703,-1091.3666,0.0,0.0,0.0,-1281.9462,-15937.6759,599.9146,11719.3432,-2185.9257,56.70780336,-4063.9555,-2129.2178966399997,-6193.17339664
129,515.4222,1451.362,-1079.8854,0.0,0.0,0.0,-1253.002,-16035.4466,605.6745,11782.3283,-2214.7265,58.2060636,-4013.5470000000023,-2156.5204364,-6170.067436400003
130,509.026,1360.9529,-1048.5906,0.0,0.0,0.0,-1262.7771,-16119.7403,609.4761,11867.5479,-2143.6141,60.10405056,-4084.105099999999,-2083.51004944,-6167.615149439998
131,523.4752,1467.184,-1060.6417,0.0,0.0,0.0,-1275.8945,-16067.0485,606.2738,11768.9214,-2145.6713,60.44963112,-4037.730300000001,-2085.22166888,-6122.951968880001
132,493.2287,1440.3577,-1106.131,0.0,0.0,0.0,-1276.6227,-16179.3345,620.3126,11792.4962,-2070.4351,58.82674032,-4215.693000000003,-2011.6083596800001,-6227.301359680004
133,539.5972,1406.0523,-1075.2617,0.0,0.0,0.0,-1267.9965,-16106.7527,605.8461,11772.2879,-2102.5214,57.47329872,-4126.227399999998,-2045.04810128,-6171.275501279997
134,540.0623,1426.123,-1104.2267,0.0,0.0,0.0,-1265.5697,-16056.3622,621.1835,11765.7355,-2142.3507,58.897676159999996,-4073.054299999998,-2083.45302384,-6156.507323839998
135,494.5339,1410.3847,-1069.3198,0.0,0.0,0.0,-1290.4032,-16065.5072,606.8321,11729.7995,-2121.4488,57.54064896,-4183.680000000002,-2063.90815104,-6247.588151040002
136,512.7849,1451.9772,-1084.7389,0.0,0.0,0.0,-1297.0086,-16144.7482,589.4352,11663.9373,-1974.674,55.8633636,-4308.3611,-1918.8106364,-6227.1717364
137,503.3753,1431.0307,-1091.5875,0.0,0.0,0.0,-1279.4982,-16047.7271,592.5482,11720.6773,-2101.5596,57.5309628,-4171.181300000002,-2044.0286372,-6215.209937200003
138,488.6445,1412.8212,-1117.0347,0.0,0.0,0.0,-1261.4253,-16169.4887,626.6477,11774.2503,-2052.8146,58.34313288,-4245.585000000001,-1994.4714671200002,-6240.056467120001
139,513.3219,1459.2221,-1055.8686,0.0,0.0,0.0,-1298.5647,-16034.1666,583.7287,11727.798,-2127.2621,56.07486504,-4104.529199999999,-2071.18723496,-6175.716434959999
140,528.5671,1410.5043,-1091.9074,0.0,0.0,0.0,-1274.9458,-16199.214,614.6602,11792.3553,-2058.5452,56.0470104,-4219.980300000001,-2002.4981896,-6222.478489600002
141,503.4271,1355.3703,-1090.4477,0.0,0.0,0.0,-1286.5294,-16077.5765,612.6945,11751.2413,-2108.2946,57.89435256,-4231.8204000000005,-2050.4002474400004,-6282.220647440001
142,487.864,1475.9463,-1118.8444,0.0,0.0,0.0,-1258.4682,-16094.2425,609.9546,11821.3521,-2176.1426,58.985752319999996,-4076.4380999999994,-2117.1568476800003,-6193.59494768
143,516.4848,1430.8188,-1092.7105,0.0,0.0,0.0,-1290.7273,-16081.7258,613.1495,11790.5617,-2119.3227,58.209840719999995,-4114.148800000001,-2061.11285928,-6175.261659280001
144,481.9844,1428.5235,-1091.3568,0.0,0.0,0.0,-1261.3305,-16098.3745,604.3291,11804.2584,-2130.0579,58.01482584,-4131.9663999999975,-2072.04307416,-6204.009474159997
145,503.3483,1436.5453,-1098.9499,0.0,0.0,0.0,-1259.274,-16088.4573,621.6491,11803.2461,-2161.0783,59.8396608,-4081.892399999999,-2101.2386392000003,-6183.131039199999
146,542.1304,1431.67,-1086.6067,0.0,0.0,0.0,-1294.571,-16135.0237,595.4279,11721.0387,-2023.141,56.840534639999994,-4225.934399999998,-1966.30046536,-6192.2348653599975
147,503.0284,1392.0077,-1102.104,0.0,0.0,0.0,-1267.6812,-16094.8569,620.0184,11785.4844,-2113.8656,59.051139119999995,-4164.1032,-2054.8144608800003,-6218.91766088
148,522.8307,1406.8118,-1098.0045,0.0,0.0,0.0,-1276.5707,-16120.611,594.6643,11788.8494,-2124.7776,58.83735599999999,-4182.0300000000025,-2065.940244,-6247.970244000002
149,537.8854,1414.2102,-1095.2037,0.0,0.0,0.0,-1255.1554,-16088.696,620.7247,11766.0002,-2117.3076,59.62972103999999,-4100.2346,-2057.6778789600003,-6157.91247896
150,552.4736,1402.0431,-1085.5857,0.0,0.0,0.0,-1280.904,-16042.7832,594.7539,11787.4909,-2185.6404,60.197382,-4072.5113999999994,-2125.4430180000004,-6197.954417999999
151,539.9441,1464.1476,-1083.9887,0.0,0.0,0.0,-1283.9271,-16105.7033,599.5282,11787.7831,-2145.0573,58.18299336,-4082.216099999998,-2086.8743066399998,-6169.090406639998
152,508.5569,1453.3311,-1092.635,0.0,0.0,0.0,-1272.1644,-16179.1231,601.9936,11736.0229,-2022.5936,56.8471608,-4244.018000000002,-1965.7464392,-6209.764439200002
153,470.845,1369.8294,-1089.9262,0.0,0.0,0.0,-1263.1768,-16121.3977,626.921,11867.5399,-2162.5238,58.9708548,-4139.365400000001,-2103.5529452,-6242.918345200001
154,498.5561,1365.8016,-1098.8666,0.0,0.0,0.0,-1303.8602,-16120.2282,607.7668,11787.57,-2074.8821,57.59588232,-4263.260500000002,-2017.2862176799997,-6280.546717680002
155,505.9554,1446.1984,-1087.5301,0.0,0.0,0.0,-1278.0793,-15958.6989,611.5308,11667.6161,-2134.6023,58.0188564,-4093.007599999999,-2076.5834436,-6169.5910435999995
156,474.5482,1458.9752,-1103.1682,0.0,0.0,0.0,-1301.5269,-16013.0612,613.0622,11833.7319,-2181.6641,58.88227752,-4037.438799999998,-2122.78182248,-6160.220622479998
157,540.9752,1455.7987,-1090.805,0.0,0.0,0.0,-1295.677,-15978.4052,582.7941,11767.4978,-2232.4709,58.614991919999994,-4017.8214000000007,-2173.8559080799996,-6191.677308080001
158,511.6442,1418.248,-1085.3306,0.0,0.0,0.0,-1283.9544,-15991.4346,610.9778,11748.5104,-2191.713,59.04467639999999,-4071.339200000002,-2132.6683236000003,-6204.007523600002
159,464.0001,1450.044,-1100.555,0.0,0.0,0.0,-1262.0007,-16045.4318,622.7746,11735.6296,-2149.9497,58.340540159999996,-4135.539199999999,-2091.6091598400003,-6227.148359839999
160,514.3029,1427.3602,-1103.3579,0.0,0.0,0.0,-1262.6603,-16000.7029,601.9131,11759.6969,-2214.5717,61.2633132,-4063.4480000000003,-2153.3083868,-6216.756386800001
161,507.7273,1421.5089,-1068.693,0.0,0.0,0.0,-1278.5973,-16074.7167,602.9015,11733.3211,-2141.591,59.282119439999995,-4156.548200000003,-2082.30888056,-6238.857080560003
162,499.6508,1438.3112,-1106.5599,0.0,0.0,0.0,-1251.7424,-16003.3928,614.4524,11803.9201,-2255.6373,60.80826456,-4005.360600000002,-2194.8290354399996,-6200.189635440002
163,511.5222,1351.6896,-1091.5397,0.0,0.0,0.0,-1252.7089,-16040.9302,625.3478,11811.59,-2191.8353,59.11270848,-4085.029200000001,-2132.72259152,-6217.7517915200015
164,520.2619,1399.7374,-1066.2594,0.0,0.0,0.0,-1287.8279,-16276.3753,603.892,11742.2642,-1925.6012,56.00839896,-4364.3071,-1869.59280104,-6233.89990104
165,492.1599,1429.9773,-1104.8218,0.0,0.0,0.0,-1264.132,-16219.2985,613.8422,11810.1905,-2033.7137,56.51082936,-4242.082399999999,-1977.2028706400001,-6219.28527064
166,512.3017,1455.8522,-1113.102,0.0,0.0,0.0,-1278.4308,-15988.8972,590.2617,11703.2717,-2144.0321,58.20800112,-4118.742700000001,-2085.82409888,-6204.566798880001
167,516.8776,1439.0609,-1084.2275,0.0,0.0,0.0,-1254.089,-16085.426,617.8044,11754.5201,-2114.9698,59.759493840000005,-4095.4794999999995,-2055.21030616,-6150.6898061599995
168,513.5951,1425.8116,-1098.4739,0.0,0.0,0.0,-1270.5914,-15981.8265,617.6922,11751.2161,-2182.5561,61.84211543999999,-4042.576799999999,-2120.71398456,-6163.290784559998
169,543.8929,1451.0719,-1099.2732,0.0,0.0,0.0,-1279.9244,-16048.633,593.7512,11752.9397,-2120.4344,58.95901224,-4086.174899999998,-2061.47538776,-6147.650287759998
170,497.7956,1434.4242,-1089.7977,0.0,0.0,0.0,-1292.8557,-16216.6378,616.0107,11768.8475,-1990.4385,56.610905759999994,-4282.2132,-1933.82759424,-6216.040794240001
171,516.0882,1452.9103,-1104.0185,0.0,0.0,0.0,-1276.807,-15975.3145,597.0993,11763.822,-2219.5335,58.59800207999999,-4026.2202000000016,-2160.93549792,-6187.155697920001
172,475.9108,1423.6416,-1095.1542,0.0,0.0,0.0,-1217.3235,-16226.8724,613.4253,11843.3895,-2077.2915,60.189658560000005,-4182.982899999999,-2017.1018414399998,-6200.084741439999
173,506.7244,1404.199,-1090.2759,0.0,0.0,0.0,-1268.0775,-16136.3153,601.8333,11764.8725,-2088.0766,57.21598152,-4217.039499999999,-2030.8606184799999,-6247.900118479999
174,492.0445,1372.8479,-1056.6095,0.0,0.0,0.0,-1262.3424,-16113.3418,620.6288,11816.0709,-2143.07,59.313141359999996,-4130.7016,-2083.7568586400002,-6214.45845864
175,513.7671,1470.6208,-1076.5103,0.0,0.0,0.0,-1291.3926,-16065.3698,617.2585,11767.4386,-2110.7839,59.039018639999995,-4064.1877000000004,-2051.74488136,-6115.932581360001
176,499.2665,1391.0434,-1097.0022,0.0,0.0,0.0,-1297.2897,-16093.2505,615.877,11859.6758,-2168.7281,57.8282112,-4121.679699999997,-2110.8998887999996,-6232.5795887999975
177,513.2003,1468.2955,-1102.4987,0.0,0.0,0.0,-1290.8248,-16017.9731,623.9706,11723.1817,-2135.7766,58.09157208,-4082.648500000001,-2077.6850279200003,-6160.333527920001
178,471.0484,1402.8769,-1099.2545,0.0,0.0,0.0,-1272.9582,-16047.5418,622.2899,11795.0976,-2157.1832,57.75720048,-4128.441700000001,-2099.42599952,-6227.86769952
179,520.8269,1383.469,-1083.3354,0.0,0.0,0.0,-1272.5471,-16102.0456,615.8492,11765.7124,-2100.9762,56.52470304,-4172.070599999999,-2044.45149696,-6216.5220969599995
180,501.8524,1378.8454,-1120.1289,0.0,0.0,0.0,-1271.4528,-15968.696,606.4733,11673.4737,-2156.0007,57.89520648,-4199.6329000000005,-2098.10549352,-6297.738393520001
181,495.2906,1415.3629,-1077.893,0.0,0.0,0.0,-1254.8918,-16116.2938,611.3673,11758.5373,-2109.0642,58.45816152,-4168.5205000000005,-2050.60603848,-6219.12653848
182,477.283,1434.4534,-1126.1141,0.0,0.0,0.0,-1306.3397,-16166.518,609.5669,11805.5574,-2041.5482,56.20081392,-4272.111100000002,-1985.34738608,-6257.458486080002
183,520.553,1451.0449,-1082.447,0.0,0.0,0.0,-1304.7637,-16160.702,610.0097,11793.3892,-2084.6662,57.92443128,-4172.9159,-2026.7417687200002,-6199.6576687199995
184,504.7056,1405.0407,-1062.2144,0.0,0.0,0.0,-1279.8158,-16309.0444,620.5639,11868.3365,-1994.5329,56.55265704,-4252.427900000002,-1937.98024296,-6190.408142960003
185,517.013,1406.5094,-1107.3185,0.0,0.0,0.0,-1282.9656,-16203.5745,609.3515,11804.3211,-2024.6787,56.20697712,-4256.663600000002,-1968.47172288,-6225.135322880002
186,514.7162,1442.6771,-1091.2503,0.0,0.0,0.0,-1265.4785,-16233.0524,614.3906,11776.8969,-2018.9302,58.079825279999994,-4241.100400000001,-1960.85037472,-6201.950774720001
187,489.1494,1418.9331,-1078.3866,0.0,0.0,0.0,-1241.9023,-16290.7944,624.0003,11855.042,-2052.4259,57.6856836,-4223.9585000000025,-1994.7402164000002,-6218.698716400003
188,503.7592,1437.0562,-1097.2692,0.0,0.0,0.0,-1285.125,-16075.6234,606.8144,11867.356,-2211.9018,59.1346368,-4043.0318000000007,-2152.7671632,-6195.7989632
189,533.1446,1401.8671,-1101.4253,0.0,0.0,0.0,-1256.1741,-16166.5431,611.5938,11720.472,-2000.4236,58.74819408,-4257.064999999999,-1941.67540592,-6198.740405919999
190,504.5056,1468.5891,-1085.2122,0.0,0.0,0.0,-1278.5335,-16202.4688,598.8537,11733.8742,-1970.3748,58.28623344,-4260.3919000000005,-1912.0885665600001,-6172.48046656
191,511.3658,1448.272,-1099.5904,0.0,0.0,0.0,-1300.0766,-16098.5585,604.9368,11729.0272,-2070.335,55.95563592,-4204.6237,-2014.37936408,-6219.0030640800005
192,483.163,1495.7754,-1118.7014,0.0,0.0,0.0,-1285.2348,-16174.6274,612.6527,11743.3568,-1998.755,58.042772639999995,-4243.6156999999985,-1940.71222736,-6184.327927359998
193,507.3433,1412.4024,-1087.3627,0.0,0.0,0.0,-1281.9381,-16173.9646,605.5698,11777.6462,-2032.6573,58.259180879999995,-4240.303700000002,-1974.39811912,-6214.701819120002
194,583.1497,1397.6654,-1086.2332,0.0,0.0,0.0,-1254.5113,-16222.0872,579.2951,11719.179,-1975.7394,58.37136264,-4283.5425,-1917.36803736,-6200.91053736
195,492.9878,1424.831,-1092.0474,0.0,0.0,0.0,-1284.2133,-16128.9243,603.4848,11768.4222,-2070.7058,57.218501520000004,-4215.459199999999,-2013.4872984800002,-6228.946498479999
196,514.4497,1491.0431,-1052.9272,0.0,0.0,0.0,-1288.2475,-16139.7862,624.5987,11758.2606,-2059.8106,58.51596816,-4092.608800000002,-2001.2946318399997,-6093.903431840002
197,513.4025,1395.4157,-1054.8733,0.0,0.0,0.0,-1245.7876,-16155.0629,599.7186,11739.3679,-2062.6703,59.353416,-4207.819100000002,-2003.3168840000003,-6211.135984000002
198,513.3898,1405.7132,-1087.6617,0.0,0.0,0.0,-1265.3426,-16035.0537,607.8047,11785.5919,-2175.0833,59.2621092,-4075.5584000000017,-2115.8211908,-6191.379590800002
199,514.0331,1457.1882,-1083.2732,0.0,0.0,0.0,-1262.3033,-16095.8652,588.8147,11743.9179,-2122.1784,58.79938752,-4137.487799999997,-2063.37901248,-6200.866812479997
200,526.015,1427.8678,-1062.092,0.0,0.0,0.0,-1252.1555,-16196.7563,612.902,11821.5901,-2080.8164,60.10695864,-4122.6289,-2020.7094413600003,-6143.3383413599995
201,527.4833,1441.9021,-1093.7489,0.0,0.0,0.0,-1250.8201,-16231.2844,612.3013,11775.5135,-2035.4876,59.1791796,-4218.6532000000025,-1976.3084204,-6194.961620400003
202,513.0463,1465.5002,-1082.2677,0.0,0.0,0.0,-1259.676,-16163.3018,600.1307,11806.5263,-2090.8132,58.96307664,-4120.042000000001,-2031.85012336,-6151.892123360002
203,484.0337,1432.2946,-1105.3232,0.0,0.0,0.0,-1248.8949,-16201.6632,617.6378,11797.3258,-2062.7553,60.04715039999999,-4224.589399999999,-2002.7081495999998,-6227.297549599999
204,506.5263,1440.1048,-1098.7051,0.0,0.0,0.0,-1240.1606,-16103.2304,610.9132,11807.7093,-2159.3908,59.807006640000004,-4076.8425000000007,-2099.58379336,-6176.426293360001
205,534.2318,1424.5746,-1104.1282,0.0,0.0,0.0,-1255.1528,-16050.3541,590.5211,11838.5515,-2227.8687,60.37830864,-4021.7561000000023,-2167.49039136,-6189.246491360002
206,512.9208,1439.7124,-1100.5138,0.0,0.0,0.0,-1253.6639,-16069.3858,601.6438,11807.3986,-2166.7499,58.746450239999994,-4061.8878999999997,-2108.00344976,-6169.89134976
207,536.3098,1403.5552,-1102.327,0.0,0.0,0.0,-1272.0043,-16034.0526,610.0364,11819.2067,-2193.1463,56.66238504,-4039.2758000000013,-2136.4839149599998,-6175.7597149600015
208,500.8676,1446.7583,-1093.2558,0.0,0.0,0.0,-1261.8181,-16104.8238,609.3983,11773.8562,-2127.6054,57.33593784,-4129.017299999998,-2070.26946216,-6199.286762159998
209,494.9993,1417.4147,-1085.602,0.0,0.0,0.0,-1257.9917,-16129.2788,617.3748,11783.4212,-2068.7751,57.39772968,-4159.6625,-2011.37737032,-6171.03987032
210,503.0137,1399.9544,-1078.1665,0.0,0.0,0.0,-1266.0035,-16008.9287,618.8227,11834.4663,-2238.4971,60.58839096,-3996.8415999999997,-2177.90870904,-6174.7503090400005
211,556.5659,1482.837,-1088.9263,0.0,0.0,0.0,-1269.9308,-16054.2378,601.7029,11801.2871,-2150.4676,58.6427544,-3970.702000000001,-2091.8248456,-6062.526845600001
212,497.4306,1456.1131,-1098.2008,0.0,0.0,0.0,-1256.6529,-16123.4536,605.6772,11808.3078,-2121.9991,58.80640536,-4110.7786000000015,-2063.19269464,-6173.971294640001
213,523.0325,1426.4115,-1104.0545,0.0,0.0,0.0,-1270.8466,-16029.5854,593.9721,11723.9016,-2143.36,59.9645628,-4137.168800000001,-2083.3954372000003,-6220.564237200002
214,530.3056,1403.7234,-1086.3251,0.0,0.0,0.0,-1233.3473,-16072.2092,587.6187,11758.28,-2179.8386,59.84325791999999,-4111.953899999999,-2119.9953420800002,-6231.949242079999
215,514.2069,1462.2574,-1092.5185,0.0,0.0,0.0,-1251.2173,-16124.839,598.2529,11837.2347,-2161.7561,58.50340488,-4056.6228999999985,-2103.25269512,-6159.875595119999
216,517.5258,1425.3685,-1065.1173,0.0,0.0,0.0,-1250.7938,-16062.7194,619.2797,11811.1923,-2224.5536,58.94021952,-4005.2641999999996,-2165.61338048,-6170.87758048
217,513.7134,1405.7566,-1099.4039,0.0,0.0,0.0,-1258.7974,-16120.0332,607.871,11817.4232,-2155.2153,59.06396735999999,-4133.470300000003,-2096.15133264,-6229.621632640003
218,496.7447,1410.0435,-1102.0609,0.0,0.0,0.0,-1264.2588,-15977.4473,608.9139,11745.3605,-2187.4325,62.06501015999999,-4082.7044000000005,-2125.36748984,-6208.07188984
219,514.8723,1402.5304,-1106.9959,0.0,0.0,0.0,-1281.1032,-16030.7023,594.1106,11760.0593,-2126.7359,58.62916944,-4147.228800000001,-2068.10673056,-6215.335530560001
220,521.5316,1406.7816,-1110.1683,0.0,0.0,0.0,-1279.2705,-16098.1594,602.9059,11747.3952,-2068.3977,57.66020208,-4208.983899999999,-2010.73749792,-6219.721397919999
221,520.1501,1393.186,-1074.8509,0.0,0.0,0.0,-1277.1863,-16088.0185,616.4708,11779.09,-2102.962,57.74305104,-4131.158800000001,-2045.21894896,-6176.377748960001
222,514.6742,1390.2011,-1080.989,0.0,0.0,0.0,-1289.0259,-16193.3265,605.2905,11791.2783,-2001.7357,57.1914684,-4261.897299999999,-1944.5442315999999,-6206.441531599999
223,484.9736,1457.0649,-1082.2734,0.0,0.0,0.0,-1266.5784,-16103.6057,610.0878,11784.7249,-2121.0294,61.08662808,-4115.606300000003,-2059.94277192,-6175.5490719200025
224,547.0668,1456.7886,-1108.0436,0.0,0.0,0.0,-1275.119,-16123.3037,603.8598,11778.818,-2078.7458,57.420612,-4119.9331,-2021.3251880000003,-6141.258288000001
225,512.131,1483.5665,-1089.8215,0.0,0.0,0.0,-1260.1361,-16094.1452,610.184,11768.4787,-2129.5602,58.436704799999994,-4069.742600000003,-2071.1234952,-6140.866095200003
226,524.2709,1453.8719,-1089.7483,0.0,0.0,0.0,-1282.5744,-16017.4498,594.7599,11755.337,-2166.0815,58.96228968,-4061.532800000001,-2107.1192103199996,-6168.652010320001
227,499.0455,1446.5002,-1096.1816,0.0,0.0,0.0,-1272.6134,-15918.427,608.9227,11747.1053,-2271.3115,59.64106608,-3985.6483000000007,-2211.6704339199996,-6197.31873392
228,508.7546,1467.7509,-1094.5851,0.0,0.0,0.0,-1277.8326,-16017.7663,615.2833,11750.3999,-2182.1601,58.6420488,-4047.9952999999987,-2123.5180512,-6171.513351199998
229,538.8165,1395.8346,-1103.0841,0.0,0.0,0.0,-1274.3437,-15940.9691,606.6614,11715.3488,-2227.134,59.68297728,-4061.7356,-2167.45102272,-6229.18662272
230,552.2606,1426.9223,-1100.4568,0.0,0.0,0.0,-1262.6105,-16009.5015,588.8912,11796.8685,-2217.6105,57.71785248,-4007.6262000000006,-2159.8926475199996,-6167.51884752
231,523.1339,1414.2087,-1091.723,0.0,0.0,0.0,-1285.9456,-16063.2358,617.0756,11790.2182,-2176.0015,56.71305863999999,-4096.268,-2119.28844136,-6215.5564413600005
232,507.3934,1423.2208,-1093.604,0.0,0.0,0.0,-1269.3513,-16108.2976,615.7877,11817.4831,-2126.0435,60.591857759999996,-4107.367899999999,-2065.45164224,-6172.8195422399995
233,500.2262,1372.8634,-1094.5406,0.0,0.0,0.0,-1279.4651,-16105.6518,613.0031,11767.5544,-2087.4329,57.694816079999995,-4226.010399999997,-2029.7380839199998,-6255.748483919997
234,545.0431,1412.538,-1083.0702,0.0,0.0,0.0,-1256.1551,-16051.3213,602.0022,11777.5458,-2186.5895,58.3592472,-4053.4174999999977,-2128.2302528,-6181.647752799998
235,502.3621,1428.8798,-1088.1544,0.0,0.0,0.0,-1255.8521,-16113.2608,597.2855,11796.7225,-2133.7303,59.18927976,-4132.017399999999,-2074.5410202400003,-6206.558420239999
236,540.7413,1421.3229,-1091.9021,0.0,0.0,0.0,-1261.5729,-16009.1154,622.5867,11778.1355,-2201.538,59.6060892,-3999.804,-2141.9319108,-6141.735910800001
237,535.5443,1422.0036,-1119.7458,0.0,0.0,0.0,-1256.2935,-15925.154,619.9032,11763.0189,-2279.1921,59.19437807999999,-3960.7233000000015,-2219.99772192,-6180.7210219200015
238,488.4974,1462.3259,-1069.5983,0.0,0.0,0.0,-1273.4045,-16162.4205,598.0439,11830.8556,-2127.9804,58.13426952,-4125.700499999997,-2069.84613048,-6195.5466304799975
239,537.0348,1410.9092,-1091.0735,0.0,0.0,0.0,-1248.7199,-16106.7707,611.1179,11742.4094,-2125.6368,58.77144792,-4145.0928,-2066.8653520800003,-6211.95815208
240,515.5991,1417.1246,-1101.843,0.0,0.0,0.0,-1250.1336,-16027.9702,602.9663,11799.9694,-2214.5574,59.51976984,-4044.2873999999993,-2155.03763016,-6199.325030159999
241,518.9124,1450.1985,-1104.9377,0.0,0.0,0.0,-1271.7289,-16062.0618,606.5189,11765.0682,-2123.255,59.34770856,-4098.0304000000015,-2063.9072914400003,-6161.937691440002
242,465.1126,1389.2172,-1114.4934,0.0,0.0,0.0,-1256.7417,-16122.8123,630.5745,11766.3948,-2085.7214,59.89623984000001,-4242.748299999999,-2025.82516016,-6268.57346016
243,534.208,1427.8499,-1108.8911,0.0,0.0,0.0,-1272.7347,-16166.9566,616.912,11834.39,-2132.05,58.90785624,-4135.2225,-2073.14214376,-6208.36464376
244,502.4154,1454.9304,-1058.7192,0.0,0.0,0.0,-1290.1358,-16110.9999,605.6015,11750.0495,-2082.1778,57.02331168,-4146.8580999999995,-2025.15448832,-6172.012588319999
245,512.3548,1375.9562,-1078.0264,0.0,0.0,0.0,-1257.4178,-15991.0055,603.1777,11782.0253,-2235.1294,58.96033559999999,-4052.9357,-2176.1690644,-6229.1047644
246,533.3867,1429.1709,-1096.1391,0.0,0.0,0.0,-1271.5566,-16061.0165,601.1812,11730.6709,-2105.2276,57.37563216,-4134.3025,-2047.8519678400003,-6182.15446784
247,500.0576,1403.7754,-1089.2101,0.0,0.0,0.0,-1278.8114,-16088.1057,604.1285,11840.4837,-2180.611,59.13934343999999,-4107.681999999999,-2121.4716565599997,-6229.153656559999
248,482.1934,1424.352,-1094.5401,0.0,0.0,0.0,-1258.5725,-16061.9195,625.5226,11808.37,-2163.2632,58.55927688,-4074.5941000000003,-2104.7039231199997,-6179.29802312
249,539.6203,1424.1643,-1067.6805,0.0,0.0,0.0,-1273.9622,-16041.6536,582.4137,11747.9924,-2164.9792,57.08690928,-4089.105600000001,-2107.8922907200003,-6196.99789072
250,481.1744,1377.5498,-1081.354,0.0,0.0,0.0,-1274.2675,-16010.1205,613.225,11774.2276,-2209.8135,59.408938080000006,-4119.565200000001,-2150.40456192,-6269.9697619200015
251,466.4217,1427.2039,-1098.9145,0.0,0.0,0.0,-1261.4783,-16044.2891,611.3388,11802.1688,-2187.7287,59.04891792,-4097.548700000001,-2128.67978208,-6226.2284820800005
252,501.1095,1464.3345,-1098.6583,0.0,0.0,0.0,-1284.651,-15860.0906,604.4791,11779.225,-2323.0426,58.842477360000004,-3894.251799999998,-2264.2001226400002,-6158.451922639999
253,506.9596,1377.1812,-1080.0681,0.0,0.0,0.0,-1284.7651,-16094.5779,614.2025,11798.8731,-2146.0329,59.67010872,-4162.1947,-2086.3627912800002,-6248.55749128
254,489.457,1389.6764,-1085.3107,0.0,0.0,0.0,-1266.5769,-16028.5765,617.3282,11834.3362,-2233.4344,60.05074104,-4049.666299999999,-2173.38365896,-6223.0499589599995
255,499.1247,1415.1758,-1077.3467,0.0,0.0,0.0,-1277.7261,-16032.0947,614.7465,11787.6421,-2179.2384,59.3342928,-4070.4784,-2119.9041072,-6190.3825072
256,513.8203,1407.9999,-1074.3309,0.0,0.0,0.0,-1272.6145,-16105.8519,617.0209,11844.2088,-2154.8638,59.89467455999999,-4069.7474,-2094.96912544,-6164.716525440001
257,483.6417,1432.6689,-1075.9322,0.0,0.0,0.0,-1289.8813,-15978.0239,615.2048,11836.3111,-2274.3068,58.66920648,-3976.0108999999993,-2215.63759352,-6191.64849352
258,519.6825,1414.1672,-1085.4238,0.0,0.0,0.0,-1282.5476,-16037.7169,594.905,11754.9101,-2138.9447,59.344309439999996,-4122.023499999999,-2079.60039056,-6201.623890559999
259,517.4879,1447.0749,-1096.6486,0.0,0.0,0.0,-1281.1525,-15988.4177,622.9723,11791.9629,-2242.7127,59.20310736,-3986.720799999999,-2183.50959264,-6170.230392639999
260,519.2917,1404.1392,-1115.9323,0.0,0.0,0.0,-1268.9315,-15913.9637,620.7163,11817.095,-2307.3324,58.65252623999999,-3937.5853000000006,-2248.6798737599997,-6186.26517376
261,501.078,1465.2252,-1097.8743,0.0,0.0,0.0,-1255.1156,-15963.7449,611.2364,11698.2182,-2207.7723,59.502645359999995,-4040.9770000000008,-2148.26965464,-6189.246654640001
262,496.4179,1384.354,-1089.4651,0.0,0.0,0.0,-1274.3202,-15951.3322,596.3436,11823.94,-2297.9198,60.31528775999999,-4014.062,-2237.60451224,-6251.66651224
263,518.3445,1415.6865,-1093.6144,0.0,0.0,0.0,-1261.8934,-16049.1656,631.4954,11864.4245,-2250.9479,59.27236559999999,-3974.7225000000017,-2191.6755344000003,-6166.398034400002
264,487.3723,1388.3981,-1083.7584,0.0,0.0,0.0,-1227.7984,-16115.1221,613.9103,11802.3712,-2142.4068,59.66767656,-4134.627000000002,-2082.73912344,-6217.366123440003
265,495.2402,1452.5857,-1105.7008,0.0,0.0,0.0,-1260.3667,-15877.8731,599.4527,11732.0527,-2320.0698,60.92791632,-3964.6093,-2259.1418836800003,-6223.75118368
266,521.1759,1426.6109,-1087.4609,0.0,0.0,0.0,-1247.421,-16045.9801,612.5247,11743.9765,-2162.5636,59.36432688000001,-4076.5739999999987,-2103.19927312,-6179.7732731199985
267,514.0729,1441.5976,-1080.4125,0.0,0.0,0.0,-1271.3675,-15917.5166,590.376,11762.2631,-2288.0476,58.56864552,-3960.987000000001,-2229.47895448,-6190.465954480001
268,519.3236,1428.149,-1096.2715,0.0,0.0,0.0,-1255.3355,-16023.4961,604.1679,11747.8316,-2178.3344,58.22769744,-4075.6309999999994,-2120.10670256,-6195.737702559999
269,495.5495,1435.2101,-1108.3737,0.0,0.0,0.0,-1242.2895,-16097.5775,602.7199,11767.5653,-2143.0545,59.75587584,-4147.195900000001,-2083.29862416,-6230.494524160001
270,478.8813,1417.395,-1108.8214,0.0,0.0,0.0,-1257.801,-15903.3388,595.1743,11781.9585,-2303.6299,61.17862679999999,-3996.552099999999,-2242.4512732,-6239.003373199999
271,504.8356,1382.707,-1095.6937,0.0,0.0,0.0,-1269.1189,-15873.7618,604.3517,11729.2957,-2289.8466,58.85440848,-4017.384400000001,-2230.99219152,-6248.376591520001
272,520.7199,1422.7006,-1105.7345,0.0,0.0,0.0,-1255.7438,-16067.8562,618.026,11857.7905,-2204.5778,58.461126480000004,-4010.0975000000017,-2146.11667352,-6156.214173520002
273,519.7156,1406.4674,-1072.4605,0.0,0.0,0.0,-1304.336,-16061.6181,611.8622,11854.3267,-2217.0184,59.6124612,-4046.0427,-2157.4059388,-6203.4486388
274,505.5341,1415.3174,-1112.0738,0.0,0.0,0.0,-1277.7844,-16109.4716,604.753,11754.8953,-2087.4268,57.23322984,-4218.830000000002,-2030.1935701600003,-6249.023570160002
275,494.4261,1395.9113,-1112.6954,0.0,0.0,0.0,-1308.8661,-16112.5353,611.3901,11869.9797,-2155.5982,57.07588608,-4162.389599999999,-2098.5223139199998,-6260.911913919999
276,503.2838,1426.7387,-1092.7072,0.0,0.0,0.0,-1263.8214,-16046.6822,592.8308,11768.1245,-2167.8348,59.66233992,-4112.232999999998,-2108.1724600800003,-6220.405460079999
277,526.0703,1392.4746,-1092.1699,0.0,0.0,0.0,-1299.7267,-16087.6412,615.4899,11757.7434,-2106.7093,58.379521679999996,-4187.759600000001,-2048.32977832,-6236.089378320002
278,529.0029,1389.7919,-1085.4321,0.0,0.0,0.0,-1262.2186,-15961.7481,611.0731,11725.5902,-2227.778,58.1405076,-4053.940699999999,-2169.6374923999997,-6223.578192399999
279,489.883,1402.9854,-1112.738,0.0,0.0,0.0,-1270.7784,-16035.2122,606.9337,11792.64,-2171.5994,58.55439024,-4126.2865,-2113.04500976,-6239.33150976
280,512.5612,1460.4139,-1096.2407,0.0,0.0,0.0,-1304.7618,-15969.4596,604.8706,11775.5944,-2221.6205,58.3177212,-4017.022000000001,-2163.3027788,-6180.324778800001
281,507.5258,1433.1242,-1109.9323,0.0,0.0,0.0,-1283.7633,-16046.06,606.7036,11804.0447,-2178.9796,58.011078239999996,-4088.357299999998,-2120.96852176,-6209.325821759999
282,545.4834,1438.6358,-1090.7635,0.0,0.0,0.0,-1282.6039,-16059.0236,599.6692,11773.4361,-2180.5152,58.981267439999996,-4075.166500000001,-2121.53393256,-6196.700432560001
283,504.2679,1457.799,-1087.3298,0.0,0.0,0.0,-1274.8397,-16148.1415,608.5862,11798.2395,-2101.8837,58.87563192,-4141.4184000000005,-2043.00806808,-6184.426468080001
284,507.3645,1397.8524,-1097.0935,0.0,0.0,0.0,-1280.2061,-16162.6927,628.485,11831.8262,-2094.9929,57.38675616,-4174.4641999999985,-2037.6061438400002,-6212.070343839999
285,497.5334,1429.1896,-1101.8406,0.0,0.0,0.0,-1288.1889,-16064.26,598.1838,11804.9178,-2182.4533,58.332473279999995,-4124.464900000001,-2124.12082672,-6248.585726720001
286,492.4772,1372.561,-1072.0995,0.0,0.0,0.0,-1270.0022,-16298.4346,604.301,11861.3043,-2000.9872,57.727458719999994,-4309.892800000001,-1943.25974128,-6253.152541280001
287,502.8896,1443.1772,-1104.7197,0.0,0.0,0.0,-1277.1452,-15992.3698,603.6662,11830.7541,-2233.4453,57.628748879999996,-3993.7476000000006,-2175.81655112,-6169.56415112
288,490.3359,1391.5863,-1056.9864,0.0,0.0,0.0,-1285.5145,-16103.8985,619.8713,11788.2662,-2113.1281,58.04452584,-4156.3397,-2055.08357416,-6211.423274160001
289,504.9397,1422.4957,-1075.5279,0.0,0.0,0.0,-1288.3852,-16044.0542,622.9853,11815.7211,-2208.3972,58.0233492,-4041.825500000001,-2150.3738507999997,-6192.1993508000005
290,467.2753,1431.9815,-1072.223,0.0,0.0,0.0,-1303.4259,-16108.5755,600.5152,11837.82,-2149.8022,58.6236672,-4146.6324,-2091.1785328,-6237.810932800001
291,503.1358,1368.2651,-1065.9665,0.0,0.0,0.0,-1247.6982,-16062.9662,624.7966,11820.0676,-2191.974,59.950459439999996,-4060.3657999999996,-2132.02354056,-6192.38934056
292,516.6089,1435.7899,-1069.981,0.0,0.0,0.0,-1280.1813,-16001.4393,615.0438,11823.7553,-2228.6654,60.80703191999999,-3960.403699999999,-2167.8583680799998,-6128.262068079999
293,532.8521,1410.7527,-1098.7499,0.0,0.0,0.0,-1271.749,-15953.1242,613.6893,11766.1997,-2223.2394,59.19327576,-4000.1293000000005,-2164.04612424,-6164.175424240001
294,508.5061,1429.0266,-1081.5907,0.0,0.0,0.0,-1255.2055,-16135.3405,600.8536,11778.6728,-2093.3112,60.48573767999999,-4155.077599999999,-2032.82546232,-6187.903062319999
295,505.9242,1419.4233,-1073.9324,0.0,0.0,0.0,-1256.6925,-16184.2972,611.4642,11846.0022,-2100.0615,60.810415920000004,-4132.108199999999,-2039.2510840799998,-6171.359284079998
296,538.341,1439.5538,-1060.8965,0.0,0.0,0.0,-1251.4724,-16003.577,619.491,11812.4612,-2217.6039,60.86907216,-3906.098899999999,-2156.73482784,-6062.8337278399995
297,502.6192,1373.1322,-1088.7963,0.0,0.0,0.0,-1232.8574,-16049.5435,591.5972,11757.7529,-2169.2293,61.78306464,-4146.095700000002,-2107.44623536,-6253.541935360002
298,515.9831,1445.6627,-1076.898,0.0,0.0,0.0,-1290.9514,-16099.567,611.5888,11795.375,-2102.0635,58.8534588,-4098.8068,-2043.2100412000002,-6142.0168412
299,516.5315,1408.6329,-1085.6904,0.0,0.0,0.0,-1263.7629,-16033.0717,598.1286,11798.2561,-2187.4037,58.41196703999999,-4060.9758999999995,-2128.99173296,-6189.96763296
300,512.6511,1429.0021,-1104.6995,0.0,0.0,0.0,-1298.7284,-16049.5484,610.9462,11817.0452,-2172.9202,57.002608800000004,-4083.3317000000006,-2115.9175912,-6199.249291200001
301,512.7631,1462.1454,-1076.2653,0.0,0.0,0.0,-1258.4917,-16117.0237,614.2145,11837.1642,-2144.7673,58.57319808,-4025.4934999999987,-2086.19410192,-6111.687601919998
302,531.0367,1422.3274,-1069.7092,0.0,0.0,0.0,-1275.3622,-16186.7586,597.091,11859.1547,-2109.1625,57.471777360000004,-4122.2202,-2051.69072264,-6173.9109226400005
303,471.9671,1384.5033,-1105.7251,0.0,0.0,0.0,-1304.7812,-15983.0251,587.5407,11786.2323,-2177.409,58.47936192,-4163.288000000002,-2118.92963808,-6282.217638080002
304,514.6478,1370.1569,-1099.2114,0.0,0.0,0.0,-1253.6258,-16004.5704,609.5326,11822.302,-2225.9047,59.456152800000005,-4040.7683000000015,-2166.4485472,-6207.216847200001
305,523.0689,1424.6605,-1113.4201,0.0,0.0,0.0,-1253.5127,-16013.7154,619.7831,11794.858,-2197.8989,61.346355839999994,-4018.2776999999987,-2136.5525441600003,-6154.830244159999
306,501.0836,1427.7379,-1094.4775,0.0,0.0,0.0,-1212.8048,-16126.5536,612.3836,11764.8801,-2091.7174,59.58464976,-4127.7507000000005,-2032.13275024,-6159.8834502400005
307,508.257,1497.2314,-1079.3986,0.0,0.0,0.0,-1285.1052,-16174.1332,617.4909,11820.7637,-2077.6218,56.88150912,-4094.8940000000002,-2020.74029088,-6115.63429088
308,489.7567,1502.9244,-1084.0225,0.0,0.0,0.0,-1274.0341,-16185.0151,614.2293,11791.5233,-2048.1392,59.99822999999999,-4144.637999999999,-1988.1409700000002,-6132.7789699999985
309,521.4231,1458.7557,-1056.2898,0.0,0.0,0.0,-1263.4914,-16187.8387,619.3647,11841.4829,-2107.9341,59.29668288,-4066.593499999999,-2048.63741712,-6115.2309171199995
310,517.0479,1413.3042,-1089.0356,0.0,0.0,0.0,-1236.4786,-15988.6736,613.0029,11791.8827,-2270.0674,60.467929919999996,-3978.9501,-2209.5994700799997,-6188.54957008
311,505.91,1447.5385,-1100.8886,0.0,0.0,0.0,-1301.4375,-15952.4785,604.5315,11806.221,-2249.4179,58.13708183999999,-3990.6035999999967,-2191.28081816,-6181.884418159997
312,509.2826,1446.4577,-1099.5488,0.0,0.0,0.0,-1272.07,-16008.6533,603.798,11749.7503,-2169.5341,59.140810800000004,-4070.9835000000003,-2110.3932892,-6181.3767892000005
313,531.8892,1466.2257,-1080.6299,0.0,0.0,0.0,-1252.8625,-16005.0746,596.8373,11762.2274,-2206.4946,58.89660984,-3981.3874000000014,-2147.59799016,-6128.985390160002
314,492.7013,1384.0732,-1093.6024,0.0,0.0,0.0,-1266.4023,-16090.3536,603.5436,11813.3325,-2146.721,59.27696496,-4156.707699999999,-2087.44403504,-6244.151735039998
315,519.1225,1392.4685,-1109.0903,0.0,0.0,0.0,-1270.8403,-15990.1611,600.0184,11812.4245,-2253.4174,60.85556064,-4046.0578000000005,-2192.56183936,-6238.619639360001
316,498.2456,1358.6646,-1101.1572,0.0,0.0,0.0,-1259.1694,-15939.816,625.3655,11807.1646,-2277.7076,60.904037519999996,-4010.702300000001,-2216.80356248,-6227.50586248
317,527.5184,1399.2616,-1064.0839,0.0,0.0,0.0,-1261.2915,-16076.4869,616.7566,11806.9914,-2153.4008,59.5738152,-4051.334299999997,-2093.8269848,-6145.161284799996
318,524.4531,1387.4765,-1079.5056,0.0,0.0,0.0,-1280.7627,-16027.4761,591.7729,11832.8292,-2207.5001,58.02706224,-4051.2127,-2149.4730377600004,-6200.68573776
319,523.9116,1437.9374,-1090.457,0.0,0.0,0.0,-1243.9665,-16114.8212,607.735,11785.1869,-2126.2427,62.169546239999995,-4094.4737999999998,-2064.07315376,-6158.546953759999
320,542.8227,1464.4758,-1107.4498,0.0,0.0,0.0,-1270.9006,-16087.1662,612.3951,11714.3015,-2105.6709,60.05915784,-4131.521499999999,-2045.6117421600002,-6177.133242159999
321,500.7681,1439.3881,-1102.8612,0.0,0.0,0.0,-1298.4427,-16134.5351,621.4916,11826.6579,-2117.053,58.01131368,-4147.533299999999,-2059.04168632,-6206.574986319999
322,529.5588,1413.3354,-1064.8842,0.0,0.0,0.0,-1265.98,-16149.2805,605.6107,11758.603,-2089.8362,57.584699279999995,-4173.0368000000035,-2032.2515007200002,-6205.2883007200035
323,491.2161,1449.8104,-1099.6468,0.0,0.0,0.0,-1273.1834,-16111.6629,599.1284,11834.9365,-2155.8092,58.932594,-4109.4017,-2096.8766060000003,-6206.278306
324,512.7634,1394.7119,-1118.9728,0.0,0.0,0.0,-1242.9193,-16121.4877,605.6794,11806.2467,-2152.9266,60.687507599999996,-4163.9784,-2092.2390923999997,-6256.2174924
325,540.3521,1420.6092,-1067.8364,0.0,0.0,0.0,-1256.7608,-16050.3918,603.5373,11759.2053,-2166.4194,59.018217119999996,-4051.285099999999,-2107.4011828800003,-6158.686282879999
326,502.9198,1445.4227,-1084.275,0.0,0.0,0.0,-1263.8859,-16124.7723,609.4539,11780.9674,-2103.4685,58.9292388,-4134.169400000001,-2044.5392612,-6178.7086612
327,499.7667,1421.5913,-1092.5431,0.0,0.0,0.0,-1263.076,-16064.7674,615.4128,11800.4395,-2165.2665,60.71478336,-4083.1762,-2104.55171664,-6187.727916639999
328,522.3285,1370.5208,-1118.8195,0.0,0.0,0.0,-1254.4835,-16057.6496,628.9077,11777.2829,-2161.8027,59.201369279999994,-4131.912700000003,-2102.60133072,-6234.514030720003
329,513.5066,1432.8265,-1081.0744,0.0,0.0,0.0,-1276.6533,-16083.9144,595.9555,11809.0682,-2165.3202,59.459443199999995,-4090.2853000000014,-2105.8607568,-6196.146056800001
330,510.524,1428.4365,-1073.2043,0.0,0.0,0.0,-1274.783,-16075.6563,609.629,11727.7949,-2098.3214,59.450292000000005,-4147.2592,-2038.8711079999998,-6186.130308
331,483.8303,1424.2889,-1078.4292,0.0,0.0,0.0,-1241.7792,-15927.8322,604.762,11801.8028,-2304.527,61.023456720000006,-3933.356600000001,-2243.50354328,-6176.8601432800015
332,492.9838,1397.9209,-1086.6629,0.0,0.0,0.0,-1260.7602,-16014.0511,613.1981,11846.1871,-2268.761,59.53467455999999,-4011.1843000000026,-2209.22632544,-6220.410625440003
333,494.82,1385.5208,-1109.3838,0.0,0.0,0.0,-1281.2818,-16029.1137,607.9347,11819.6152,-2183.1925,58.82534784,-4111.8886,-2124.36715216,-6236.25575216
334,504.5576,1401.1638,-1101.8911,0.0,0.0,0.0,-1271.8914,-15955.2691,599.3593,11792.6146,-2250.3904,58.89506112,-4031.3562999999995,-2191.4953388800004,-6222.85163888
335,488.6596,1445.7796,-1086.7432,0.0,0.0,0.0,-1240.4645,-16013.6644,606.439,11808.7001,-2229.9419,61.09085736,-3991.2937999999995,-2168.85104264,-6160.144842639999
336,509.0101,1375.4935,-1073.3074,0.0,0.0,0.0,-1244.7355,-16095.6483,606.361,11801.3779,-2171.5446,59.09534856,-4121.448700000001,-2112.4492514400004,-6233.897951440001
337,528.1873,1400.0047,-1100.0574,0.0,0.0,0.0,-1261.9023,-16001.4683,604.1842,11780.7528,-2224.5145,59.41760976,-4050.299000000001,-2165.0968902400004,-6215.395890240001
338,522.9248,1420.2759,-1081.1232,0.0,0.0,0.0,-1256.4513,-16148.4001,614.7622,11814.712,-2098.2192,57.90366792,-4113.299700000001,-2040.31553208,-6153.615232080001
339,477.7017,1435.1549,-1106.4918,0.0,0.0,0.0,-1240.0098,-16265.6596,611.621,11870.9886,-2056.3178,57.081672,-4216.695,-1999.2361279999998,-6215.931127999999
340,515.9061,1414.5251,-1106.9109,0.0,0.0,0.0,-1283.3587,-16042.6512,604.588,11754.3462,-2156.7261,57.26754792,-4143.555400000001,-2099.4585520799997,-6243.013952080001
341,499.1989,1401.5619,-1091.9709,0.0,0.0,0.0,-1265.3067,-16081.6706,615.8704,11828.3937,-2146.7984,57.70063296,-4093.9232999999986,-2089.0977670400002,-6183.021067039998
342,483.2068,1375.1793,-1107.9649,0.0,0.0,0.0,-1263.104,-16025.7683,625.9627,11775.7355,-2181.2151,58.62627,-4136.752899999998,-2122.5888299999997,-6259.341729999997
343,509.4506,1444.1905,-1096.347,0.0,0.0,0.0,-1261.2558,-16055.4533,595.7372,11741.092,-2111.2526,57.74205816,-4122.585800000001,-2053.51054184,-6176.096341840001
344,526.2909,1450.0856,-1133.6505,0.0,0.0,0.0,-1285.1822,-16045.191,598.2084,11727.1307,-2111.4845,59.033604239999995,-4162.3081,-2052.45089576,-6214.75899576
345,508.9074,1453.5177,-1122.3613,0.0,0.0,0.0,-1261.5443,-15893.4975,613.0442,11669.1574,-2204.9435,57.863074319999996,-4032.776399999999,-2147.0804256799997,-6179.856825679998
346,519.1891,1448.0663,-1090.3665,0.0,0.0,0.0,-1277.0112,-15977.5544,588.9873,11776.7067,-2189.4363,58.57364088,-4011.9826999999987,-2130.86265912,-6142.845359119998
347,515.7299,1357.1997,-1098.9837,0.0,0.0,0.0,-1278.7885,-16075.208,607.6998,11747.7168,-2123.2726,56.79816336,-4224.634000000002,-2066.4744366399996,-6291.108436640002
348,520.6847,1412.2429,-1086.8737,0.0,0.0,0.0,-1261.5462,-16115.5645,612.9381,11814.3692,-2125.6267,57.72985704,-4103.7495000000035,-2067.89684296,-6171.6463429600035
349,533.8704,1379.7774,-1111.1339,0.0,0.0,0.0,-1243.0573,-16061.4281,604.7335,11760.0006,-2150.5145,58.776698159999995,-4137.2374,-2091.7378018400004,-6228.97520184
350,491.8056,1408.7954,-1117.7865,0.0,0.0,0.0,-1263.3831,-16093.1381,609.6178,11792.3952,-2140.3521,57.83608872,-4171.693699999998,-2082.51601128,-6254.209711279998
351,508.5861,1451.5018,-1071.3327,0.0,0.0,0.0,-1257.4006,-15983.7057,594.7442,11732.949,-2212.3804,58.7039796,-4024.6579,-2153.6764204,-6178.3343204
352,524.512,1415.8922,-1108.768,0.0,0.0,0.0,-1258.9959,-16007.7909,615.7933,11717.5173,-2158.3205,59.65135704,-4101.840000000002,-2098.6691429599996,-6200.509142960002
353,532.1431,1437.2399,-1122.044,0.0,0.0,0.0,-1261.2885,-16105.2045,594.0028,11786.8721,-2124.8741,59.104774799999994,-4138.279099999998,-2065.7693252,-6204.048425199998
354,485.177,1390.7468,-1100.9377,0.0,0.0,0.0,-1276.105,-16235.3526,615.3967,11781.4783,-1987.1482,56.53698336,-4339.5965,-1930.61121664,-6270.2077166399995
355,547.128,1412.7766,-1079.8706,0.0,0.0,0.0,-1283.1028,-16230.986,615.7025,11758.9104,-1968.438,57.707122319999996,-4259.441900000002,-1910.73087768,-6170.172777680002
356,519.0702,1418.4488,-1109.4095,0.0,0.0,0.0,-1265.5049,-16244.1695,631.8497,11819.5045,-2008.532,56.82532176,-4230.210700000001,-1951.70667824,-6181.917378240001
357,558.496,1403.7357,-1093.605,0.0,0.0,0.0,-1270.2669,-16065.2123,601.7607,11780.3918,-2155.6888,59.515832880000005,-4084.7000000000007,-2096.17296712,-6180.872967120001
358,514.9956,1407.526,-1115.3114,0.0,0.0,0.0,-1254.5237,-16084.9584,605.7585,11789.6182,-2141.3285,58.2461388,-4136.895199999999,-2083.0823612,-6219.9775611999985
359,509.7064,1431.9275,-1110.585,0.0,0.0,0.0,-1285.6649,-16099.8824,613.245,11796.3613,-2121.726,59.11088832,-4144.892099999999,-2062.61511168,-6207.507211679999
360,521.2781,1511.4169,-1120.3498,0.0,0.0,0.0,-1260.8029,-16043.9498,587.8227,11763.7006,-2173.9198,58.407706080000004,-4040.8842000000004,-2115.51209392,-6156.39629392
361,479.964,1431.0617,-1123.3908,0.0,0.0,0.0,-1245.4671,-16337.2576,602.5616,11831.3012,-1947.9891,56.934486,-4361.227000000001,-1891.054614,-6252.281614
362,481.0504,1461.4755,-1106.5883,0.0,0.0,0.0,-1266.7736,-16129.9828,611.3766,11816.1378,-2104.8226,57.1425984,-4133.304400000001,-2047.6800016,-6180.984401600001
363,533.1715,1440.3301,-1065.6515,0.0,0.0,0.0,-1248.7805,-16046.6211,602.5276,11727.8447,-2158.3033,58.9019148,-4057.1792000000023,-2099.4013852,-6156.580585200002
364,489.9673,1451.9891,-1074.4319,0.0,0.0,0.0,-1290.8199,-16144.5954,612.4644,11773.9619,-2064.1442,57.45187512,-4181.4645,-2006.6923248800001,-6188.15682488
365,514.3468,1397.9982,-1084.8167,0.0,0.0,0.0,-1273.3537,-16233.2108,609.4706,11820.9951,-2028.5969,57.35684232,-4248.570500000002,-1971.24005768,-6219.810557680002
366,513.2906,1432.2028,-1100.5044,0.0,0.0,0.0,-1256.0391,-16157.8388,624.2652,11767.7291,-2024.0967,60.15202992,-4176.894599999998,-1963.9446700800002,-6140.839270079998
367,507.0736,1462.8442,-1094.6952,0.0,0.0,0.0,-1261.1166,-16221.6644,611.09,11739.9608,-1936.5671,57.139428239999994,-4256.507600000001,-1879.42767176,-6135.935271760001
368,504.3896,1464.7448,-1084.9587,0.0,0.0,0.0,-1245.8535,-16192.5885,596.9936,11752.1058,-2028.8875,58.01188464,-4205.1669,-1970.87561536,-6176.04251536
369,496.4704,1449.4228,-1085.6037,0.0,0.0,0.0,-1291.0196,-16107.6496,609.219,11727.857,-2062.5119,57.48145992,-4201.3037,-2005.03044008,-6206.33414008
370,491.341,1454.8625,-1127.8792,0.0,0.0,0.0,-1274.0101,-16069.4672,594.797,11784.0293,-2152.0636,59.23750536,-4146.326699999998,-2092.82609464,-6239.152794639997
371,504.0239,1447.5943,-1135.2227,0.0,0.0,0.0,-1253.2433,-16225.3522,601.1263,11770.4207,-2018.2048,59.10954264,-4290.653,-1959.09525736,-6249.74825736
372,508.6282,1386.5946,-1109.1015,0.0,0.0,0.0,-1253.9832,-16099.8996,603.0278,11804.0209,-2151.1605,58.90428864,-4160.712800000001,-2092.25621136,-6252.969011360001
373,527.9152,1420.4654,-1107.8475,0.0,0.0,0.0,-1276.2457,-16128.3609,584.3841,11752.1122,-2093.6535,59.51283047999999,-4227.5772,-2034.1406695199998,-6261.71786952
374,488.8303,1428.6451,-1085.6874,0.0,0.0,0.0,-1258.0608,-16142.0402,611.8785,11783.5633,-2081.1662,57.529488959999995,-4172.871199999998,-2023.6367110400001,-6196.507911039997
375,481.443,1441.5342,-1105.1627,0.0,0.0,0.0,-1293.01,-16061.1021,590.1953,11773.405,-2125.3339,58.617758880000004,-4172.697300000002,-2066.71614112,-6239.413441120001
376,516.6584,1424.7791,-1099.0321,0.0,0.0,0.0,-1260.1363,-16253.5043,609.5508,11753.981,-1980.3089,56.896183439999994,-4307.7033999999985,-1923.41271656,-6231.116116559999
377,510.3497,1424.1483,-1111.7506,0.0,0.0,0.0,-1289.6584,-16175.6665,599.3208,11803.1069,-2035.3642,55.134853199999995,-4240.149799999999,-1980.2293468,-6220.379146799999
378,491.168,1472.5141,-1097.8057,0.0,0.0,0.0,-1235.552,-16189.0244,619.6397,11750.2373,-2016.6544,57.54614544,-4188.823,-1959.10825456,-6147.93125456
379,503.155,1408.7164,-1057.9199,0.0,0.0,0.0,-1270.6473,-16170.8109,621.7698,11782.0681,-2034.345,57.247622639999996,-4183.668800000001,-1977.09737736,-6160.766177360001
380,485.8221,1417.6421,-1089.6113,0.0,0.0,0.0,-1273.5138,-16232.4747,602.785,11740.4551,-1974.0721,57.374344799999996,-4348.895500000002,-1916.6977552,-6265.593255200003
381,519.1883,1414.3307,-1098.852,0.0,0.0,0.0,-1274.3965,-16153.5772,608.4707,11778.4103,-2032.8079,57.17290968,-4206.425700000002,-1975.63499032,-6182.060690320001
382,505.5307,1452.5986,-1100.2518,0.0,0.0,0.0,-1291.6098,-16151.8114,597.9362,11760.8424,-2038.1932,58.394715119999994,-4226.765100000002,-1979.79848488,-6206.563584880002
383,519.9369,1431.6039,-1082.6463,0.0,0.0,0.0,-1256.1566,-16166.3464,593.6256,11702.1391,-2011.1003,56.59998408,-4257.843800000002,-1954.50031592,-6212.344115920003
384,504.6689,1418.1115,-1103.4348,0.0,0.0,0.0,-1265.686,-16234.4766,604.0143,11734.0625,-1944.9625,57.42300384,-4342.740199999998,-1887.53949616,-6230.279696159998
385,473.8334,1448.1807,-1083.6072,0.0,0.0,0.0,-1272.2212,-16307.8915,608.6097,11801.124,-1936.6088,56.93817672,-4331.972099999999,-1879.67062328,-6211.642723279999
386,505.9419,1421.8265,-1051.1912,0.0,0.0,0.0,-1265.5265,-16269.2913,625.7705,11784.4753,-1974.9583,56.98160928,-4247.9948,-1917.97669072,-6165.9714907200005
387,514.8746,1385.3825,-1063.3294,0.0,0.0,0.0,-1291.241,-16084.6457,616.2812,11788.1501,-2141.1907,57.773796479999994,-4134.527699999999,-2083.4169035200002,-6217.944603519999
388,483.0161,1449.3262,-1053.9312,0.0,0.0,0.0,-1295.7937,-16184.4064,618.1685,11816.1454,-2064.1953,56.1387168,-4167.4751000000015,-2008.0565831999997,-6175.531683200001
389,496.0736,1406.7154,-1067.8954,0.0,0.0,0.0,-1269.2827,-16110.7068,608.6257,11803.2519,-2133.9839,58.65822144,-4133.2183,-2075.32567856,-6208.543978560001
390,518.201,1446.5243,-1103.1548,0.0,0.0,0.0,-1278.1802,-15999.977,623.305,11769.7329,-2210.0505,57.48156432,-4023.5487999999987,-2152.56893568,-6176.117735679998
391,518.2631,1408.1674,-1108.2334,0.0,0.0,0.0,-1269.0738,-15981.3258,599.6754,11780.5708,-2256.5483,58.37810399999999,-4051.9563,-2198.170196,-6250.126496
392,499.5087,1437.001,-1108.2361,0.0,0.0,0.0,-1267.4622,-16180.3527,625.3479,11865.8983,-2139.2256,59.452096319999995,-4128.295099999999,-2079.7735036800004,-6208.068603679999
393,500.4749,1438.6904,-1112.9153,0.0,0.0,0.0,-1276.353,-16029.8605,608.0964,11718.1952,-2134.6789,58.02783624,-4153.671900000001,-2076.65106376,-6230.322963760001
394,500.752,1399.4474,-1090.7739,0.0,0.0,0.0,-1271.0297,-16071.2218,604.1097,11751.0786,-2154.5483,56.69808912,-4177.637699999999,-2097.85021088,-6275.48791088
395,500.7591,1421.9342,-1106.0156,0.0,0.0,0.0,-1263.517,-15986.6913,612.3735,11832.3563,-2279.1017,58.6844244,-3988.8008000000027,-2220.4172756000003,-6209.2180756000025
396,518.4112,1392.5639,-1072.9715,0.0,0.0,0.0,-1301.0166,-16025.8165,614.1941,11806.6184,-2177.345,57.51494568,-4068.017,-2119.83005432,-6187.847054319999
397,489.8448,1418.1163,-1096.3994,0.0,0.0,0.0,-1257.0672,-16167.1721,603.696,11807.411,-2080.2043,58.77028007999999,-4201.570599999999,-2021.4340199199999,-6223.004619919999
398,521.4262,1459.2964,-1095.7071,0.0,0.0,0.0,-1261.4316,-16263.4715,594.2478,11749.4623,-1973.006,57.42126216,-4296.1775,-1915.5847378400001,-6211.76223784
399,513.8804,1413.1834,-1103.1872,0.0,0.0,0.0,-1263.7172,-16220.9069,631.4386,11771.867,-2024.7228,58.75777944,-4257.441900000002,-1965.96502056,-6223.406920560001
400,485.5204,1395.2332,-1054.8642,0.0,0.0,0.0,-1279.0166,-16229.5974,601.2646,11746.0272,-1975.916,57.97110456,-4335.4328000000005,-1917.94489544,-6253.377695440001
401,530.247,1448.2771,-1098.4864,0.0,0.0,0.0,-1285.7151,-16220.1238,602.8593,11738.5735,-1992.4324,56.7065268,-4284.368399999998,-1935.7258732,-6220.094273199998
402,517.7152,1413.5375,-1090.8841,0.0,0.0,0.0,-1252.8371,-16033.8305,595.7187,11720.8746,-2125.5904,58.50119376,-4129.7057,-2067.08920624,-6196.79490624
403,518.7236,1417.8063,-1070.2825,0.0,0.0,0.0,-1270.0355,-16137.065,598.8158,11793.8202,-2093.4948,58.61402424,-4148.2171,-2034.88077576,-6183.0978757600005
404,473.1137,1460.2061,-1097.8016,0.0,0.0,0.0,-1287.1254,-16146.2238,581.7021,11754.3166,-2052.692,58.51871208,-4261.812299999998,-1994.17328792,-6255.985587919998
405,510.9068,1435.8625,-1110.2182,0.0,0.0,0.0,-1261.5677,-16223.6882,630.1324,11821.5979,-2051.3496,57.52546416,-4196.974499999998,-1993.82413584,-6190.798635839998
406,526.4716,1393.0183,-1072.2083,0.0,0.0,0.0,-1243.9098,-16183.4967,601.3097,11710.1212,-1994.4115,58.4523684,-4268.6939999999995,-1935.9591315999999,-6204.6531316
407,507.4364,1381.1717,-1070.3831,0.0,0.0,0.0,-1252.9626,-16174.8723,627.7576,11746.5513,-2018.4143,57.79051776,-4235.3009999999995,-1960.6237822399999,-6195.92478224
408,506.5027,1443.8763,-1098.4229,0.0,0.0,0.0,-1266.4913,-15998.6291,602.819,11699.9281,-2115.9595,60.0436224,-4110.417200000002,-2055.9158776,-6166.333077600002
409,502.7291,1429.5425,-1096.3202,0.0,0.0,0.0,-1242.1348,-16106.3595,614.0313,11776.7713,-2135.9645,60.40534968,-4121.7402999999995,-2075.55915032,-6197.29945032
410,508.1483,1380.7511,-1077.2211,0.0,0.0,0.0,-1288.5285,-16166.3013,614.2106,11801.6488,-2050.5121,57.395481839999995,-4227.292099999999,-1993.11661816,-6220.408718159999
411,533.408,1443.7968,-1105.5425,0.0,0.0,0.0,-1265.7214,-16131.0539,622.7861,11757.3593,-2067.9019,57.61929024,-4144.967600000002,-2010.2826097599998,-6155.250209760002
412,493.7515,1401.0726,-1074.4138,0.0,0.0,0.0,-1248.605,-16166.9534,626.7811,11785.0974,-2073.2325,59.02570583999999,-4183.269599999998,-2014.20679416,-6197.476394159998
413,497.0907,1412.1872,-1053.503,0.0,0.0,0.0,-1251.7695,-16345.8186,601.9356,11767.444,-1921.1974,56.87882352,-4372.4336,-1864.31857648,-6236.75217648
414,514.4406,1408.3625,-1112.8696,0.0,0.0,0.0,-1243.7088,-16140.4858,611.0733,11750.6188,-2083.814,59.01983064,-4212.5689999999995,-2024.7941693599998,-6237.36316936
415,485.5553,1429.6627,-1110.0731,0.0,0.0,0.0,-1235.473,-16207.3601,600.5534,11747.0806,-2014.1294,59.906426399999994,-4290.0542000000005,-1954.2229736,-6244.2771736
416,541.942,1427.7524,-1112.1882,0.0,0.0,0.0,-1228.8808,-16137.1232,616.3369,11779.1724,-2106.3964,59.07186864,-4112.988500000001,-2047.32453136,-6160.313031360001
417,511.4081,1425.8638,-1073.6069,0.0,0.0,0.0,-1266.6957,-15995.6515,592.8877,11717.858,-2163.4401,59.50702295999999,-4087.9365,-2103.9330770399997,-6191.86957704
418,509.5936,1403.0971,-1079.2081,0.0,0.0,0.0,-1286.1567,-16119.0057,618.1861,11814.4929,-2116.2213,58.08307464,-4139.000799999998,-2058.13822536,-6197.139025359998
419,481.733,1444.8974,-1087.1683,0.0,0.0,0.0,-1271.2839,-16016.6541,615.3443,11729.0854,-2151.3698,60.17235623999999,-4104.046200000001,-2091.19744376,-6195.243643760001
420,520.2167,1437.8096,-1099.8962,0.0,0.0,0.0,-1263.0063,-15981.4145,617.2241,11727.6417,-2194.6803,60.26022576,-4041.424900000002,-2134.42007424,-6175.844974240002
421,537.0091,1461.6039,-1120.3653,0.0,0.0,0.0,-1260.0725,-16123.251,604.5393,11750.4821,-2082.5664,60.22235087999999,-4150.054399999999,-2022.3440491200001,-6172.398449119999
422,509.3704,1397.1933,-1120.46,0.0,0.0,0.0,-1248.5861,-16149.5296,604.2807,11761.5278,-2045.2056,58.83298344,-4246.2035,-1986.37261656,-6232.57611656
423,505.2694,1422.2575,-1105.364,0.0,0.0,0.0,-1268.6291,-16067.6525,627.7153,11748.7737,-2129.8068,58.0837716,-4137.6296999999995,-2071.7230283999997,-6209.3527284
424,513.8229,1399.8137,-1094.781,0.0,0.0,0.0,-1231.8069,-16211.1621,617.5094,11760.5615,-2034.4143,58.4918172,-4246.042499999998,-1975.9224828,-6221.964982799998
425,498.5687,1388.2363,-1107.313,0.0,0.0,0.0,-1269.0935,-16080.222,602.5129,11738.881,-2087.1142,59.29633583999999,-4228.4295999999995,-2027.81786416,-6256.247464159999
426,498.755,1431.56,-1093.7842,0.0,0.0,0.0,-1255.9151,-16126.2556,596.8657,11771.3957,-2104.5595,59.741915039999995,-4177.3785000000025,-2044.8175849599997,-6222.196084960002
427,499.5164,1454.821,-1058.8753,0.0,0.0,0.0,-1269.9002,-16169.005,599.6644,11787.3616,-2102.5167,59.53813128,-4156.417100000001,-2042.97856872,-6199.395668720001
428,495.219,1383.1534,-1093.019,0.0,0.0,0.0,-1261.4899,-16077.3294,606.2598,11740.2739,-2097.0417,58.83731352,-4206.932199999999,-2038.2043864800003,-6245.136586479999
429,514.6184,1470.1511,-1105.9367,0.0,0.0,0.0,-1271.1279,-16161.4624,614.0779,11817.3415,-2068.9464,59.75119584,-4122.338099999999,-2009.1952041599998,-6131.533304159999
430,533.1877,1338.1393,-1091.6092,0.0,0.0,0.0,-1256.4669,-16131.0002,635.7527,11832.3197,-2102.1275,59.13177192,-4139.676899999999,-2042.9957280800002,-6182.672628079999
431,503.0143,1400.6721,-1072.685,0.0,0.0,0.0,-1301.5391,-16110.8012,608.024,11779.2018,-2068.0746,58.434817679999995,-4194.113099999999,-2009.63978232,-6203.752882319998
432,498.9385,1425.1247,-1077.8008,0.0,0.0,0.0,-1250.7801,-16251.2102,614.484,11824.3375,-2024.8902,57.53075688,-4216.906399999998,-1967.3594431200002,-6184.265843119998
433,476.5074,1402.7008,-1095.37,0.0,0.0,0.0,-1267.2257,-15986.5473,617.6168,11754.8121,-2186.4291,58.87621152,-4097.5059,-2127.5528884799996,-6225.05878848
434,507.311,1370.2498,-1075.6753,0.0,0.0,0.0,-1270.3892,-16157.1096,620.3732,11850.5772,-2122.898,58.965703919999996,-4154.662900000001,-2063.93229608,-6218.595196080001
435,532.1747,1416.7672,-1066.2472,0.0,0.0,0.0,-1243.8562,-16109.0904,611.9711,11783.4124,-2134.4992,58.536146880000004,-4074.8683999999994,-2075.96305312,-6150.831453119999
436,527.2418,1386.0778,-1082.7324,0.0,0.0,0.0,-1281.4958,-16068.4601,608.8213,11863.6781,-2194.5321,57.48108336,-4046.8693000000003,-2137.05101664,-6183.92031664
437,498.2716,1475.3922,-1073.6396,0.0,0.0,0.0,-1268.0706,-16058.238,603.3487,11796.8604,-2184.3573,59.91623064,-4026.0753000000004,-2124.4410693600003,-6150.51636936
438,473.6785,1442.0709,-1124.4582,0.0,0.0,0.0,-1245.4476,-16111.3555,611.4856,11781.6399,-2100.8594,58.10353344,-4172.386400000001,-2042.7558665599997,-6215.14226656
439,485.6006,1379.6761,-1110.7293,0.0,0.0,0.0,-1241.6139,-16015.9465,619.487,11830.1851,-2255.6713,59.579141039999996,-4053.3408999999992,-2196.09215896,-6249.4330589599995
440,531.5009,1432.6201,-1098.4192,0.0,0.0,0.0,-1275.6848,-16077.0514,607.6238,11860.9448,-2199.183,58.615023599999994,-4018.4658000000018,-2140.5679764,-6159.033776400001
441,530.9159,1390.3008,-1110.4507,0.0,0.0,0.0,-1252.2066,-16042.2182,612.5852,11730.5387,-2145.2039,57.83032512,-4140.534900000002,-2087.37357488,-6227.908474880003
442,535.0548,1422.9718,-1074.665,0.0,0.0,0.0,-1259.9365,-16088.1369,601.8374,11785.9531,-2179.9399,58.12240464,-4076.9213,-2121.81749536,-6198.738795359999
443,494.4504,1448.0999,-1113.5927,0.0,0.0,0.0,-1246.32,-16156.0469,610.8959,11840.7114,-2140.6078,58.682021760000005,-4121.802,-2081.92577824,-6203.72777824
444,505.5634,1396.2848,-1086.7551,0.0,0.0,0.0,-1274.0613,-16105.6626,621.2883,11843.2062,-2192.068,58.08920976,-4100.136299999998,-2133.9787902400003,-6234.115090239999
445,506.4877,1446.7394,-1082.6688,0.0,0.0,0.0,-1249.8404,-16156.8571,616.6244,11745.7385,-2068.3731,59.349819600000004,-4173.776299999998,-2009.0232803999997,-6182.7995803999975
446,511.7029,1398.6441,-1080.1598,0.0,0.0,0.0,-1257.4477,-16136.1321,603.5674,11827.5529,-2163.8605,59.46407208,-4132.272299999999,-2104.39642792,-6236.668727919999
447,505.5155,1437.0567,-1098.8029,0.0,0.0,0.0,-1249.0635,-15876.0713,590.1032,11732.0684,-2299.5122,60.65402688,-3959.1939,-2238.85817312,-6198.05207312
448,476.601,1422.6903,-1070.6052,0.0,0.0,0.0,-1247.7113,-16104.8715,612.3233,11842.0978,-2184.665,59.478871680000005,-4069.475599999998,-2125.18612832,-6194.661728319998
449,504.8619,1370.5387,-1057.2447,0.0,0.0,0.0,-1245.1098,-16101.0167,603.5512,11838.1578,-2183.7395,60.17517863999999,-4086.2616,-2123.56432136,-6209.8259213599995
450,515.1105,1405.1607,-1106.4776,0.0,0.0,0.0,-1286.3562,-15905.0945,616.746,11818.25,-2307.6519,57.90876984,-3942.6610999999994,-2249.74313016,-6192.404230159999
451,578.9596,1435.9945,-1091.965,0.0,0.0,0.0,-1257.6842,-16080.2476,595.1121,11845.7301,-2217.43,60.11959608,-3974.1004999999986,-2157.3104039199998,-6131.410903919999
452,516.1141,1408.9564,-1087.3746,0.0,0.0,0.0,-1258.7158,-16089.1729,600.8665,11738.2314,-2092.778,58.8204072,-4171.0949,-2033.9575927999997,-6205.0524928
453,489.8362,1444.7576,-1083.3853,0.0,0.0,0.0,-1249.5369,-16002.4141,600.7354,11773.599,-2235.8282,58.308532559999996,-4026.4081000000006,-2177.51966744,-6203.927767440001
454,549.7606,1443.2987,-1092.3668,0.0,0.0,0.0,-1255.6199,-16033.3978,597.6287,11772.0114,-2194.3629,58.95143424,-4018.6851000000006,-2135.4114657600003,-6154.096565760001
455,491.5706,1379.8766,-1077.9712,0.0,0.0,0.0,-1244.7504,-16010.7307,618.8179,11746.8045,-2218.4144,58.70034936,-4096.382699999998,-2159.71405064,-6256.096750639998
456,525.1453,1451.1168,-1064.6146,0.0,0.0,0.0,-1254.905,-16137.8767,626.3377,11798.0306,-2121.9749,58.288204799999995,-4056.7659000000003,-2063.6866952,-6120.4525952
457,499.0137,1395.7562,-1085.9804,0.0,0.0,0.0,-1261.0319,-16130.7147,599.421,11836.9066,-2136.8953,58.059863279999995,-4146.629499999999,-2078.83543672,-6225.464936719999
458,516.3414,1390.6804,-1082.5737,0.0,0.0,0.0,-1279.8356,-15912.4072,599.6188,11782.9821,-2302.3258,57.86588232,-3985.193800000001,-2244.45991768,-6229.653717680001
459,496.244,1425.1933,-1096.7816,0.0,0.0,0.0,-1249.4801,-16079.8448,611.7718,11795.7275,-2157.2057,58.135760639999994,-4097.169899999999,-2099.06993936,-6196.23983936
460,500.4846,1419.46,-1113.674,0.0,0.0,0.0,-1264.0258,-16135.4713,602.5093,11831.1783,-2130.6217,57.53883096,-4159.538900000001,-2073.0828690400003,-6232.621769040001
461,513.5025,1440.4635,-1105.2649,0.0,0.0,0.0,-1262.1661,-16012.1716,616.9005,11729.3378,-2180.6346,58.643117999999994,-4079.398299999999,-2121.991482,-6201.389781999998
462,491.7736,1467.2926,-1131.5558,0.0,0.0,0.0,-1235.4784,-16142.109,616.2282,11805.8387,-2080.9607,58.797691199999996,-4128.010100000001,-2022.1630088000002,-6150.173108800001
463,509.8047,1404.8416,-1100.3033,0.0,0.0,0.0,-1225.9631,-16177.5418,614.527,11796.297,-2077.9315,60.550758720000005,-4178.337899999999,-2017.3807412800002,-6195.718641279999
464,502.8777,1403.5167,-1099.2531,0.0,0.0,0.0,-1263.3665,-16110.4699,589.1359,11825.8352,-2105.8287,61.09885656,-4151.724000000002,-2044.72984344,-6196.453843440002
465,508.8168,1402.193,-1111.3044,0.0,0.0,0.0,-1264.3129,-16003.4545,602.1115,11798.287,-2224.0381,59.194294559999996,-4067.6634999999987,-2164.8438054400003,-6232.507305439998
466,536.4846,1391.765,-1076.6029,0.0,0.0,0.0,-1252.4015,-16114.0466,589.0032,11769.8781,-2127.3083,59.18791751999999,-4155.920100000001,-2068.12038248,-6224.040482480002
467,496.0018,1425.7676,-1073.1512,0.0,0.0,0.0,-1244.3075,-16107.3666,626.6922,11777.5741,-2151.2782,59.16099096,-4098.7896,-2092.11720904,-6190.906809040001
468,535.9741,1368.725,-1080.0195,0.0,0.0,0.0,-1281.6919,-16072.5887,594.624,11778.3015,-2111.7549,58.4069976,-4156.675500000003,-2053.3479024,-6210.023402400003
469,535.8523,1449.8186,-1085.7211,0.0,0.0,0.0,-1283.8491,-16155.9639,610.0598,11771.5588,-2046.2791,57.09532464,-4158.2446,-1989.18377536,-6147.428375359999
470,479.3454,1448.9276,-1095.5027,0.0,0.0,0.0,-1225.0508,-15973.0499,592.496,11738.0308,-2200.9433,59.4880992,-4034.803600000001,-2141.4552008,-6176.258800800001
471,516.4639,1410.4671,-1093.6449,0.0,0.0,0.0,-1258.2316,-16107.6482,629.1962,11768.9407,-2092.6322,60.014804399999996,-4134.456800000002,-2032.6173956,-6167.074195600002
472,534.9249,1414.6642,-1065.2426,0.0,0.0,0.0,-1267.4269,-16171.057,616.2604,11806.2318,-2054.4269,57.8399796,-4131.645200000001,-1996.5869203999998,-6128.232120400001
473,506.3374,1422.1568,-1093.9226,0.0,0.0,0.0,-1266.9015,-16223.9938,625.123,11877.818,-2086.9792,58.7633472,-4153.382700000002,-2028.2158528000002,-6181.598552800002
474,492.8814,1367.9498,-1078.9441,0.0,0.0,0.0,-1236.6084,-16244.7114,624.5494,11861.94,-2061.2388,59.055173280000005,-4212.943300000001,-2002.1836267200001,-6215.1269267200005
475,501.065,1415.8863,-1077.6286,0.0,0.0,0.0,-1240.099,-16201.4783,614.4575,11798.1589,-2046.6493,58.68642744,-4189.638199999999,-1987.96287256,-6177.601072559999
476,529.5844,1409.3147,-1080.748,0.0,0.0,0.0,-1266.2668,-16185.6713,613.2242,11798.3665,-2049.5416,58.74561,-4182.1963,-1990.79599,-6172.99229
477,537.6734,1426.9788,-1070.9177,0.0,0.0,0.0,-1265.5469,-16078.5407,609.0107,11770.39,-2130.0184,59.04419471999999,-4070.9524,-2070.9742052799998,-6141.92660528
478,503.0577,1417.7337,-1052.0158,0.0,0.0,0.0,-1242.8977,-16073.6485,598.1057,11799.4426,-2147.1397,60.083022959999994,-4050.2222999999994,-2087.05667704,-6137.2789770399995
479,526.0298,1418.7318,-1108.9662,0.0,0.0,0.0,-1284.6338,-16020.7383,612.3172,11767.2119,-2165.9588,59.76378576,-4090.0476000000017,-2106.19501424,-6196.242614240002
480,555.3863,1449.9919,-1076.8182,0.0,0.0,0.0,-1252.9993,-15997.0926,597.5665,11742.3085,-2190.2628,59.759855280000004,-3981.6569,-2130.50294472,-6112.15984472
481,506.3694,1448.0333,-1089.8898,0.0,0.0,0.0,-1274.9083,-16166.8951,615.1685,11817.8464,-2093.1117,58.2255684,-4144.275599999999,-2034.8861316,-6179.161731599998
482,514.7699,1453.8644,-1082.0576,0.0,0.0,0.0,-1278.1254,-16067.1497,596.9512,11789.6076,-2140.6157,58.80262824,-4072.1396000000022,-2081.8130717599997,-6153.952671760003
483,529.8461,1395.2677,-1079.7951,0.0,0.0,0.0,-1260.4559,-16067.7872,620.7195,11808.779,-2154.9256,58.383306,-4053.4259,-2096.542294,-6149.968194000001
484,511.6356,1383.3643,-1070.1863,0.0,0.0,0.0,-1292.0504,-16121.4682,602.0031,11763.3563,-2078.1169,56.748996,-4223.345599999999,-2021.367904,-6244.7135039999985
485,522.3433,1468.7772,-1109.9584,0.0,0.0,0.0,-1261.1946,-16046.4714,597.8621,11749.2495,-2136.8337,59.72409287999999,-4079.3922999999995,-2077.10960712,-6156.5019071199995
486,523.2307,1410.6515,-1098.379,0.0,0.0,0.0,-1260.4939,-16136.1439,600.2953,11772.503,-2053.9919,58.1981616,-4188.336299999997,-1995.7937384,-6184.130038399997
487,478.1156,1391.7468,-1087.3533,0.0,0.0,0.0,-1281.9615,-16161.6097,603.7974,11794.7006,-2028.4224,57.749780879999996,-4262.5641,-1970.67261912,-6233.236719119999
488,491.9559,1429.4307,-1112.0592,0.0,0.0,0.0,-1263.8348,-16222.7328,596.5915,11799.4072,-2030.3834,59.29197912,-4281.2415,-1971.09142088,-6252.33292088
489,540.6069,1427.4476,-1075.3282,0.0,0.0,0.0,-1275.6576,-16159.5338,602.9046,11831.2903,-2096.1042,57.59334,-4108.270199999997,-2038.5108600000003,-6146.781059999997
490,492.2992,1405.0266,-1098.1355,0.0,0.0,0.0,-1268.4925,-16085.4544,601.6599,11814.0283,-2160.0376,59.33066472,-4139.0684,-2100.70693528,-6239.77533528
491,536.5163,1422.9434,-1092.5735,0.0,0.0,0.0,-1280.5384,-16130.8966,586.1785,11778.6448,-2118.1522,56.71264392,-4179.7255000000005,-2061.43955608,-6241.165056080001
492,483.8199,1420.0297,-1101.6437,0.0,0.0,0.0,-1262.9423,-16068.03,618.5763,11773.418,-2137.0422,58.11963048,-4136.7721,-2078.92256952,-6215.69466952
493,478.143,1445.7378,-1087.7896,0.0,0.0,0.0,-1291.4522,-16023.7782,611.2689,11794.3899,-2195.4815,58.66795944,-4073.480400000002,-2136.81354056,-6210.293940560002
494,485.7171,1409.8506,-1072.7299,0.0,0.0,0.0,-1271.7275,-16041.0893,621.8632,11836.5551,-2217.3869,60.13613448,-4031.5607,-2157.25076552,-6188.81146552
495,535.6542,1398.1663,-1111.5214,0.0,0.0,0.0,-1267.8267,-16248.6196,606.1593,11807.518,-2019.8451,58.606344719999996,-4280.4699,-1961.23875528,-6241.70865528
496,524.2148,1406.3835,-1070.073,0.0,0.0,0.0,-1255.8438,-16028.3689,613.0751,11756.8281,-2180.1992,58.75251984,-4053.7841999999982,-2121.44668016,-6175.230880159998
497,464.0802,1417.9939,-1090.8161,0.0,0.0,0.0,-1243.2717,-16068.3424,621.3537,11844.3598,-2226.6733,58.900305599999996,-4054.642600000001,-2167.7729944,-6222.415594400001
498,528.7025,1405.8919,-1086.1561,0.0,0.0,0.0,-1274.4481,-16012.6572,601.0404,11746.4281,-2173.7162,57.81706128,-4091.1985000000022,-2115.89913872,-6207.097638720002
499,500.0994,1459.7577,-1125.9601,0.0,0.0,0.0,-1258.9445,-16121.8415,608.8348,11785.4231,-2096.6668,59.5267704,-4152.631099999999,-2037.1400296,-6189.771129599999

