POISSON BOLTZMANN:
Frame #,BOND,ANGLE,DIHED,UB,IMP,CMAP,VDWAALS,EEL,1-4 VDW,1-4 EEL,EPB,ENPOLAR,EDISPER,G gas,G solv,TOTAL
0,515.1099,1421.5443,-1097.4141,0.0,0.0,0.0,-1282.0947,-16182.3119,591.7092,11711.7379,-1838.9624,1220.7819,-736.2897,-4321.7194,-1354.4702,-5676.189600000001
1,553.0988,1392.602,-1104.3311,0.0,0.0,0.0,-1254.281,-16044.8584,589.3306,11654.6596,-1883.6319,1237.6549,-745.9813,-4213.779500000001,-1391.9583000000002,-5605.737800000002
2,537.6567,1458.4162,-1122.7467,0.0,0.0,0.0,-1235.166,-15982.9251,603.302,11734.0325,-2039.9589,1247.9128,-758.2508,-4007.430400000001,-1550.2969,-5557.7273000000005
3,504.0906,1383.5447,-1066.2864,0.0,0.0,0.0,-1267.214,-16178.5706,607.8602,11783.5965,-1881.6602,1236.0862,-741.4073,-4232.978999999999,-1386.9813,-5619.9603
4,518.2159,1400.861,-1056.8086,0.0,0.0,0.0,-1284.9367,-16119.2693,617.5447,11757.4971,-1919.9435,1226.3479,-730.1495,-4166.895899999998,-1423.7451,-5590.640999999998
5,510.666,1399.5629,-1073.7128,0.0,0.0,0.0,-1327.3073,-16042.1865,613.1978,11716.7241,-1942.5733,1221.1221,-724.7856,-4203.0558,-1446.2368000000001,-5649.2926
6,562.3979,1340.3258,-1089.4978,0.0,0.0,0.0,-1299.8189,-16183.5503,613.0561,11767.6581,-1873.0223,1227.1984,-731.1333,-4289.429099999999,-1376.9572,-5666.3863
7,491.137,1431.401,-1118.8238,0.0,0.0,0.0,-1287.654,-16196.1777,607.1821,11761.5854,-1850.9081,1225.8376,-736.3359,-4311.35,-1361.4064,-5672.756400000001
8,506.3873,1397.1214,-1073.1341,0.0,0.0,0.0,-1283.2131,-16106.6051,588.9884,11681.9452,-1849.77,1226.9102,-731.5051,-4288.510000000002,-1354.3649,-5642.8749000000025
9,477.5743,1362.936,-1090.7831,0.0,0.0,0.0,-1270.4518,-16069.0982,600.3894,11738.1283,-1953.5776,1239.6299,-751.4559,-4251.305100000001,-1465.4036,-5716.708700000002
10,488.0346,1386.7539,-1091.4843,0.0,0.0,0.0,-1254.1888,-16009.4705,611.4853,11761.6502,-2003.9927,1240.5607,-747.1947,-4107.2196,-1510.6267,-5617.8463
11,499.3929,1411.3649,-1091.2667,0.0,0.0,0.0,-1279.9962,-16057.466,605.0087,11796.7675,-2018.6042,1241.4112,-744.8744,-4116.194899999999,-1522.0674,-5638.262299999998
12,506.0647,1390.5211,-1090.3888,0.0,0.0,0.0,-1308.6111,-16118.3482,598.9802,11736.3121,-1901.5594,1228.3561,-733.7714,-4285.470000000003,-1406.9747000000002,-5692.444700000003
13,491.8799,1382.8986,-1102.3998,0.0,0.0,0.0,-1274.2287,-16002.1595,618.6916,11735.387,-2011.1189,1238.2266,-741.4292,-4149.930899999999,-1514.3215,-5664.252399999999
14,491.2927,1473.2736,-1039.9473,0.0,0.0,0.0,-1319.9143,-16132.5983,619.1821,11719.3388,-1842.0432,1220.281,-724.8769,-4189.3727,-1346.6391,-5536.0118
15,499.1707,1426.1484,-1070.0511,0.0,0.0,0.0,-1280.5002,-16148.5609,609.6586,11739.1771,-1898.1126,1228.7955,-741.3057,-4224.9573999999975,-1410.6228,-5635.580199999998
16,503.0427,1369.1175,-1058.2138,0.0,0.0,0.0,-1280.1307,-16144.5304,610.288,11774.2238,-1902.1699,1226.3149,-737.4776,-4226.2029,-1413.3326000000002,-5639.5355
17,512.8204,1459.7184,-1096.7465,0.0,0.0,0.0,-1275.4815,-16093.6204,617.5137,11678.0113,-1896.8578,1230.9028,-740.7557,-4197.784600000001,-1406.7107,-5604.4953000000005
18,510.6376,1365.591,-1092.7656,0.0,0.0,0.0,-1282.4285,-16195.7084,604.6226,11742.9041,-1830.3984,1237.0075,-738.3991,-4347.147199999998,-1331.79,-5678.937199999998
19,517.9618,1410.7538,-1084.5772,0.0,0.0,0.0,-1282.3093,-16216.6722,592.0943,11767.8593,-1816.6782,1228.4411,-731.3081,-4294.889500000001,-1319.5452,-5614.434700000002
20,493.6593,1473.1938,-1067.8884,0.0,0.0,0.0,-1291.3202,-16118.0154,599.488,11749.4011,-1883.3541,1237.4564,-741.1261,-4161.481800000003,-1387.0238,-5548.505600000004
21,531.736,1397.6708,-1088.7447,0.0,0.0,0.0,-1249.3182,-16167.0651,581.8188,11753.5293,-1928.4893,1236.7382,-746.5333,-4240.373099999999,-1438.2844,-5678.657499999999
22,528.7874,1432.9845,-1083.3422,0.0,0.0,0.0,-1266.3519,-16185.4842,595.3349,11760.7739,-1861.5313,1233.9741,-742.097,-4217.2976,-1369.6542000000002,-5586.951800000001
23,525.2707,1462.729,-1082.8045,0.0,0.0,0.0,-1296.9255,-16185.9702,617.3673,11743.3062,-1854.3875,1234.2765,-738.6497,-4217.026999999998,-1358.7607000000003,-5575.787699999998
24,508.1334,1443.6112,-1084.8777,0.0,0.0,0.0,-1283.5085,-16051.2457,606.9076,11770.0811,-1984.7537,1231.9376,-743.9037,-4090.8985999999986,-1496.7197999999999,-5587.6183999999985
25,517.0135,1467.2877,-1077.785,0.0,0.0,0.0,-1268.1463,-16168.2567,590.6549,11669.0051,-1823.0638,1228.323,-735.1979,-4270.2268,-1329.9386999999997,-5600.1655
26,514.7647,1468.8726,-1075.4949,0.0,0.0,0.0,-1277.1378,-15921.1094,590.7938,11757.8522,-2091.4454,1250.6628,-753.3771,-3941.4588000000003,-1594.1597000000002,-5535.6185000000005
27,482.2617,1427.5084,-1101.159,0.0,0.0,0.0,-1275.014,-16051.952,593.6856,11736.2794,-1939.8361,1241.0096,-748.5996,-4188.389899999998,-1447.4261,-5635.815999999999
28,484.2642,1434.6895,-1092.1931,0.0,0.0,0.0,-1277.5327,-16009.8847,601.1738,11717.6365,-2005.7712,1224.2642,-737.7774,-4141.8465,-1519.2843999999998,-5661.130899999999
29,491.4688,1412.7394,-1086.5532,0.0,0.0,0.0,-1268.9132,-16117.2506,619.4229,11873.854,-2017.2911,1237.5698,-749.3465,-4075.2319000000007,-1529.0677999999998,-5604.2997000000005
30,500.9798,1438.3183,-1062.4672,0.0,0.0,0.0,-1258.9652,-16015.9445,602.7394,11814.2844,-2054.659,1253.2521,-755.2338,-3981.0549999999985,-1556.6407000000002,-5537.695699999998
31,513.245,1467.7489,-1057.4918,0.0,0.0,0.0,-1263.0198,-16039.9907,600.0316,11764.6333,-2015.8245,1242.6114,-750.6444,-4014.843500000001,-1523.8575,-5538.701000000001
32,521.4425,1352.4967,-1089.0603,0.0,0.0,0.0,-1301.4901,-16155.7534,608.4776,11812.9744,-1940.488,1241.4585,-746.0157,-4250.9126000000015,-1445.0452,-5695.957800000002
33,515.2071,1423.8713,-1095.2237,0.0,0.0,0.0,-1267.0579,-16103.3961,607.8384,11736.3817,-1949.3918,1234.5978,-746.5893,-4182.379200000001,-1461.3833,-5643.762500000001
34,519.9747,1430.8088,-1063.722,0.0,0.0,0.0,-1282.4504,-15978.081,620.4477,11793.1791,-2064.5814,1238.9259,-741.4571,-3959.8431,-1567.1126,-5526.9556999999995
35,543.6562,1386.9175,-1058.8815,0.0,0.0,0.0,-1291.0555,-16031.0625,594.983,11735.0244,-1979.3483,1235.9444,-736.3118,-4120.4184000000005,-1479.7157,-5600.134099999999
36,498.5541,1456.6983,-1087.1895,0.0,0.0,0.0,-1288.1623,-16127.8171,584.5895,11652.6939,-1841.2476,1225.3368,-731.1781,-4310.633099999999,-1347.0888999999997,-5657.721999999999
37,547.2325,1435.3926,-1122.4932,0.0,0.0,0.0,-1283.4274,-16060.9109,591.9122,11758.6739,-1971.1958,1232.4574,-743.7739,-4133.620300000002,-1482.5122999999999,-5616.132600000002
38,513.4331,1414.5536,-1069.2989,0.0,0.0,0.0,-1298.7454,-16152.3127,617.659,11792.0006,-1963.6673,1231.3753,-740.6183,-4182.710700000003,-1472.9103,-5655.621000000004
39,522.4824,1422.4038,-1078.1891,0.0,0.0,0.0,-1272.0469,-16039.0342,607.066,11782.2907,-2042.066,1232.0227,-732.7496,-4055.0273000000016,-1542.7929,-5597.820200000001
40,507.0165,1421.359,-1118.6294,0.0,0.0,0.0,-1288.1131,-16159.1326,601.5392,11774.0924,-1917.9229,1228.6774,-731.2074,-4261.868000000004,-1420.4529,-5682.320900000003
41,534.481,1414.3032,-1082.6359,0.0,0.0,0.0,-1286.6781,-16157.7395,596.1658,11804.3368,-1938.6318,1237.1304,-741.4004,-4177.7667,-1442.9018,-5620.6685
42,484.13,1434.0273,-1111.561,0.0,0.0,0.0,-1246.2977,-16062.1165,606.4539,11795.7289,-2057.0739,1248.4609,-754.3946,-4099.635100000001,-1563.0076,-5662.6427
43,520.1913,1429.4995,-1075.7243,0.0,0.0,0.0,-1292.4374,-16136.3663,604.8799,11803.4801,-1957.4936,1234.4041,-738.1656,-4146.477200000001,-1461.2551,-5607.7323000000015
44,497.438,1423.4505,-1051.4126,0.0,0.0,0.0,-1291.364,-16015.8718,597.0867,11767.9921,-2013.6658,1239.6346,-741.9445,-4072.6811000000016,-1515.9757,-5588.656800000001
45,504.1104,1390.1574,-1104.2034,0.0,0.0,0.0,-1236.6975,-16126.2017,628.4636,11805.4866,-1993.2159,1239.7055,-754.1212,-4138.884600000001,-1507.6316,-5646.516200000002
46,526.0112,1453.8621,-1100.5249,0.0,0.0,0.0,-1276.3313,-16170.0342,610.3471,11729.8854,-1891.4157,1230.35,-737.9688,-4226.784600000003,-1399.0345000000002,-5625.8191000000015
47,524.3761,1397.397,-1067.5023,0.0,0.0,0.0,-1286.3225,-16095.9435,621.6229,11768.2556,-1994.3727,1240.0646,-754.9725,-4138.1167000000005,-1509.2806,-5647.3973000000005
48,529.6479,1388.9365,-1092.042,0.0,0.0,0.0,-1241.2417,-16157.8598,601.636,11805.2125,-1968.7701,1238.9684,-744.3462,-4165.7105999999985,-1474.1479,-5639.8584999999985
49,517.8066,1448.8603,-1098.7949,0.0,0.0,0.0,-1257.7311,-15957.5768,610.3736,11696.6821,-2060.9774,1241.6333,-755.1348,-4040.3801999999996,-1574.4789000000003,-5614.8591
50,528.0716,1394.6882,-1081.1703,0.0,0.0,0.0,-1277.2565,-16107.3722,607.9952,11809.1207,-2032.9073,1240.5088,-748.5775,-4125.9233,-1540.976,-5666.8993
51,503.4789,1424.6567,-1062.9602,0.0,0.0,0.0,-1288.6872,-16159.1846,587.6426,11785.764,-1955.0089,1233.7095,-740.1573,-4209.289800000002,-1461.4567000000002,-5670.746500000002
52,489.3143,1391.5285,-1096.4578,0.0,0.0,0.0,-1254.0717,-16241.4541,623.709,11792.1775,-1882.4012,1225.5022,-733.2383,-4295.2543000000005,-1390.1373,-5685.391600000001
53,507.6103,1406.0748,-1088.1481,0.0,0.0,0.0,-1261.8018,-16006.5752,592.1737,11769.6145,-2039.3783,1250.8896,-753.4863,-4081.051800000001,-1541.9750000000001,-5623.0268000000015
54,515.8603,1437.9376,-1096.3373,0.0,0.0,0.0,-1289.1532,-16171.5113,613.287,11795.2626,-1945.8266,1240.7734,-751.3991,-4194.6543,-1456.4523,-5651.1066
55,485.3899,1387.143,-1093.7505,0.0,0.0,0.0,-1292.6522,-16047.7553,604.3127,11702.6928,-1959.4034,1237.3099,-749.1728,-4254.6196,-1471.2663,-5725.8859
56,447.3476,1421.9121,-1089.9591,0.0,0.0,0.0,-1305.4503,-16071.9518,621.2884,11819.185,-1982.8734,1227.756,-740.2694,-4157.628100000002,-1495.3867999999998,-5653.014900000002
57,502.8971,1424.0566,-1113.0608,0.0,0.0,0.0,-1268.6249,-15926.8256,604.7095,11702.3949,-2080.7887,1247.3128,-761.7864,-4074.4532,-1595.2623,-5669.7155
58,525.4159,1384.1627,-1092.0094,0.0,0.0,0.0,-1260.9245,-16041.5298,621.2833,11807.7947,-2058.193,1242.1105,-755.8942,-4055.8071,-1571.9767000000002,-5627.7838
59,515.6721,1447.0916,-1073.3239,0.0,0.0,0.0,-1264.9124,-16077.3992,604.7571,11785.7394,-2023.9999,1238.2219,-750.1431,-4062.3752999999997,-1535.9211,-5598.2964
60,538.2618,1389.0439,-1100.4925,0.0,0.0,0.0,-1241.7824,-16004.0655,602.1429,11797.2714,-2081.9647,1252.515,-761.0585,-4019.6204,-1590.5081999999998,-5610.1286
61,491.1202,1405.208,-1067.9419,0.0,0.0,0.0,-1294.0219,-16085.3125,615.9407,11751.4595,-2005.953,1238.7463,-748.334,-4183.547900000001,-1515.5407,-5699.088600000001
62,500.7902,1448.4929,-1082.4559,0.0,0.0,0.0,-1277.2404,-16047.3536,607.6216,11796.4821,-2087.3663,1246.5331,-762.5013,-4053.6631000000016,-1603.3345,-5656.997600000001
63,527.785,1428.2926,-1084.5044,0.0,0.0,0.0,-1254.3188,-15983.2714,622.8744,11730.4373,-2094.5133,1237.1871,-753.613,-4012.7052999999996,-1610.9392,-5623.6445
64,527.2647,1453.0104,-1104.9132,0.0,0.0,0.0,-1287.3953,-16203.0551,598.8188,11714.9168,-1844.6816,1231.2052,-738.2086,-4301.352899999996,-1351.685,-5653.037899999996
65,528.9576,1430.64,-1098.7906,0.0,0.0,0.0,-1288.2527,-16208.8742,620.8493,11738.7742,-1862.885,1224.7603,-734.751,-4276.696399999999,-1372.8757,-5649.572099999999
66,539.622,1413.2057,-1091.6162,0.0,0.0,0.0,-1277.8095,-16032.2225,611.6779,11771.1048,-2031.6775,1236.4831,-750.0253,-4066.037800000002,-1545.2197,-5611.257500000002
67,495.246,1378.1024,-1101.73,0.0,0.0,0.0,-1238.2728,-16157.3147,624.4103,11753.62,-1942.5079,1247.2135,-766.6799,-4245.938800000002,-1461.9742999999999,-5707.9131000000025
68,513.4566,1388.7495,-1097.2284,0.0,0.0,0.0,-1255.6192,-15960.8427,615.2126,11766.9868,-2105.2095,1258.8276,-775.968,-4029.2847999999976,-1622.3498999999997,-5651.634699999998
69,493.4645,1466.9937,-1104.9266,0.0,0.0,0.0,-1284.845,-16049.4485,597.5291,11756.9135,-1980.3,1241.7562,-747.7664,-4124.319300000001,-1486.3102,-5610.629500000001
70,509.7351,1375.3019,-1099.2392,0.0,0.0,0.0,-1279.7909,-16246.6128,602.6378,11824.9969,-1849.1988,1231.6541,-740.7154,-4312.971200000002,-1358.2601,-5671.231300000002
71,506.7371,1427.8385,-1132.767,0.0,0.0,0.0,-1287.5935,-16008.2505,609.4712,11788.2434,-2070.9419,1243.5517,-753.0134,-4096.320800000001,-1580.4035999999999,-5676.724400000001
72,512.9201,1445.0225,-1106.4122,0.0,0.0,0.0,-1258.9632,-16200.8097,621.3293,11778.8508,-1929.4763,1241.8223,-753.2789,-4208.062400000001,-1440.9329,-5648.995300000001
73,497.9009,1428.6374,-1089.2413,0.0,0.0,0.0,-1272.1156,-16133.0948,591.3709,11768.3014,-1940.0021,1233.7615,-750.4191,-4208.241100000001,-1456.6596999999997,-5664.9008
74,526.6596,1400.2554,-1085.2765,0.0,0.0,0.0,-1245.7975,-16135.8589,611.5038,11790.7378,-1991.0739,1244.043,-754.1744,-4137.776299999998,-1501.2053,-5638.981599999998
75,502.5127,1426.6439,-1096.8358,0.0,0.0,0.0,-1282.6842,-16106.1782,611.0887,11786.4884,-2001.0544,1239.9796,-747.958,-4158.9645,-1509.0328,-5667.9973
76,512.6324,1456.6283,-1052.769,0.0,0.0,0.0,-1290.2889,-16041.5277,597.5178,11804.9802,-2028.4884,1236.6484,-741.0776,-4012.8269,-1532.9175999999998,-5545.7445
77,499.5273,1498.5885,-1102.3062,0.0,0.0,0.0,-1287.4428,-16151.9723,620.1978,11774.7497,-1935.9744,1230.1563,-739.5304,-4148.657999999998,-1445.3485,-5594.006499999998
78,476.1084,1427.8396,-1104.5157,0.0,0.0,0.0,-1291.1528,-16029.4822,616.093,11746.6786,-1999.6796,1234.2718,-744.9426,-4158.431100000002,-1510.3503999999998,-5668.781500000001
79,461.3409,1429.258,-1074.5685,0.0,0.0,0.0,-1279.4855,-16078.7391,608.7623,11750.6238,-1979.8313,1232.4526,-738.7475,-4182.808100000002,-1486.1262,-5668.934300000001
80,473.5469,1477.2217,-1126.6741,0.0,0.0,0.0,-1312.3441,-15946.7341,624.5211,11683.5414,-2036.3374,1238.5101,-742.2064,-4126.921200000001,-1540.0337,-5666.9549000000015
81,506.4625,1433.0816,-1099.2247,0.0,0.0,0.0,-1271.6676,-16122.5489,598.3519,11780.9447,-1982.8435,1237.5793,-746.1139,-4174.600499999999,-1491.3781,-5665.978599999999
82,529.7228,1424.4075,-1100.0932,0.0,0.0,0.0,-1288.8169,-16221.3909,600.9377,11765.182,-1828.5255,1228.838,-735.9388,-4290.050999999998,-1335.6263,-5625.677299999998
83,498.6247,1455.3975,-1102.9234,0.0,0.0,0.0,-1300.9987,-16133.8138,624.7188,11770.266,-1946.422,1223.3334,-733.3765,-4188.7289,-1456.4651,-5645.194000000001
84,500.7264,1431.1563,-1093.6339,0.0,0.0,0.0,-1292.0685,-16190.6887,613.9324,11775.5655,-1888.5483,1221.0134,-733.516,-4255.0104999999985,-1401.0508999999997,-5656.061399999999
85,498.1021,1428.792,-1120.4893,0.0,0.0,0.0,-1271.972,-16242.7713,626.9715,11816.6005,-1881.2335,1225.4171,-740.5291,-4264.7665000000015,-1396.3455000000001,-5661.112000000002
86,501.9223,1464.019,-1119.9743,0.0,0.0,0.0,-1261.7933,-16176.6212,599.6474,11713.5794,-1879.0446,1225.6439,-743.117,-4279.220699999998,-1396.5176999999999,-5675.738399999998
87,527.509,1423.1539,-1081.0052,0.0,0.0,0.0,-1269.1715,-16154.416,619.4747,11800.6512,-1967.0647,1235.8499,-738.7804,-4133.803899999997,-1469.9951999999998,-5603.7990999999965
88,513.2397,1419.387,-1096.6889,0.0,0.0,0.0,-1280.0482,-15988.9695,597.5131,11808.2666,-2066.8641,1241.8885,-751.9479,-4027.3001999999997,-1576.9234999999999,-5604.2237
89,512.3382,1442.6009,-1094.9626,0.0,0.0,0.0,-1257.8913,-16233.7992,623.6871,11836.142,-1883.3368,1232.051,-748.5239,-4171.884900000001,-1399.8097000000002,-5571.694600000001
90,509.801,1393.7407,-1112.2352,0.0,0.0,0.0,-1287.9377,-16256.2081,620.3039,11784.7865,-1843.2077,1234.0072,-746.526,-4347.748899999999,-1355.7264999999998,-5703.475399999998
91,527.1698,1431.0645,-1122.4347,0.0,0.0,0.0,-1278.7524,-16130.0187,590.6407,11737.6118,-1906.6135,1229.4948,-731.8015,-4244.718999999999,-1408.9202,-5653.639199999998
92,504.2738,1410.2307,-1088.8179,0.0,0.0,0.0,-1268.1855,-16176.0312,622.265,11770.5934,-1839.0871,1236.3177,-744.2822,-4225.671700000001,-1347.0515999999998,-5572.7233
93,498.7079,1428.0254,-1087.4431,0.0,0.0,0.0,-1278.7746,-16182.8253,600.343,11761.4648,-1868.5241,1241.2411,-748.3447,-4260.501900000001,-1375.6277,-5636.129600000001
94,520.5677,1444.8912,-1098.4233,0.0,0.0,0.0,-1271.6045,-16195.5086,604.0169,11760.6974,-1861.8632,1236.2137,-742.8085,-4235.3632,-1368.458,-5603.821199999999
95,529.5189,1430.0309,-1081.1303,0.0,0.0,0.0,-1277.4828,-16200.0167,617.2279,11833.5576,-1913.3043,1222.9554,-733.0613,-4148.294500000002,-1423.4101999999998,-5571.704700000002
96,571.537,1404.1329,-1071.0544,0.0,0.0,0.0,-1278.7047,-16252.0236,603.654,11805.0407,-1876.8903,1234.4324,-739.7155,-4217.418099999999,-1382.1734000000001,-5599.5914999999995
97,494.7745,1409.2877,-1079.011,0.0,0.0,0.0,-1250.4696,-16206.5232,619.0035,11808.0184,-1903.9679,1244.5014,-757.399,-4204.919699999997,-1416.8654999999999,-5621.785199999997
98,473.1745,1432.7797,-1092.069,0.0,0.0,0.0,-1258.403,-16003.4254,603.5272,11755.1917,-2020.7241,1244.3218,-755.2666,-4089.2243000000017,-1531.6689000000001,-5620.893200000001
99,496.6982,1490.3134,-1095.8839,0.0,0.0,0.0,-1286.9908,-16041.3412,593.8086,11761.6255,-2015.384,1234.3001,-746.2647,-4081.770200000001,-1527.3486,-5609.1188
100,516.2431,1458.8806,-1092.3266,0.0,0.0,0.0,-1244.2581,-16150.3902,600.215,11777.8768,-1951.5565,1249.2453,-770.0704,-4133.759400000001,-1472.3815999999997,-5606.1410000000005
101,510.4598,1405.4235,-1101.4056,0.0,0.0,0.0,-1228.8369,-16294.8301,603.3915,11844.5659,-1899.2679,1241.2033,-766.4576,-4261.231899999999,-1424.5222,-5685.754099999998
102,505.5923,1431.0063,-1088.2788,0.0,0.0,0.0,-1240.7348,-16200.5247,593.8733,11793.1254,-1937.6211,1243.9249,-769.8561,-4205.940999999999,-1463.5523,-5669.493299999999
103,490.5652,1416.1804,-1120.3524,0.0,0.0,0.0,-1265.6422,-16152.0683,610.4302,11784.3133,-1962.4755,1246.4717,-768.1502,-4236.573800000002,-1484.154,-5720.727800000002
104,514.7797,1373.2451,-1085.9224,0.0,0.0,0.0,-1277.4955,-16139.0905,628.3978,11863.4945,-2012.5405,1237.0359,-750.5114,-4122.591299999998,-1526.016,-5648.607299999999
105,508.6431,1410.2668,-1075.5671,0.0,0.0,0.0,-1276.0439,-15946.3235,615.7922,11845.7928,-2156.4444,1246.9773,-754.7661,-3917.4396000000015,-1664.2332,-5581.672800000001
106,471.3211,1404.1516,-1089.393,0.0,0.0,0.0,-1254.6391,-16132.148,601.1436,11811.9786,-1993.9679,1243.4288,-758.3151,-4187.5851999999995,-1508.8542000000002,-5696.439399999999
107,532.382,1410.8417,-1087.5258,0.0,0.0,0.0,-1272.1896,-16072.4802,614.7218,11788.3537,-2011.0121,1232.5519,-748.6986,-4085.8964000000014,-1527.1588000000002,-5613.055200000001
108,501.0554,1419.582,-1109.0866,0.0,0.0,0.0,-1242.041,-16103.113,612.7711,11778.7415,-1987.9295,1234.9191,-750.8216,-4142.090599999998,-1503.8319999999999,-5645.922599999998
109,514.9328,1449.6952,-1127.2773,0.0,0.0,0.0,-1236.902,-16153.0963,606.7487,11756.3999,-1931.4466,1236.9886,-749.6461,-4189.499,-1444.1041,-5633.6031
110,483.1593,1437.8955,-1082.9437,0.0,0.0,0.0,-1309.3505,-15973.5704,618.9534,11820.2687,-2113.7309,1244.9503,-755.0564,-4005.587699999998,-1623.837,-5629.424699999999
111,501.1621,1483.6284,-1096.6263,0.0,0.0,0.0,-1267.9056,-16039.9905,601.3722,11744.5756,-2003.6989,1238.5054,-753.6384,-4073.784099999999,-1518.8319000000001,-5592.615999999999
112,493.5858,1467.0046,-1083.2227,0.0,0.0,0.0,-1275.9708,-16059.2274,609.4923,11759.7086,-1982.2882,1235.8168,-751.8122,-4088.6296,-1498.2835999999998,-5586.913200000001
113,507.9213,1418.7639,-1071.2142,0.0,0.0,0.0,-1257.8965,-16003.9851,596.3933,11724.9878,-2008.4887,1261.5161,-771.9078,-4085.0294999999987,-1518.8804,-5603.909899999999
114,495.258,1442.0914,-1116.3462,0.0,0.0,0.0,-1252.5417,-15973.0912,606.8185,11705.9359,-2049.3768,1241.5199,-758.4413,-4091.8753000000015,-1566.2982,-5658.173500000001
115,511.355,1412.5443,-1083.6163,0.0,0.0,0.0,-1266.2137,-15981.0958,616.2391,11758.7671,-2055.4505,1243.6981,-754.9359,-4032.0203,-1566.6882999999998,-5598.7086
116,507.8681,1398.896,-1074.2485,0.0,0.0,0.0,-1241.9101,-16007.5632,615.5965,11804.5791,-2094.8047,1247.9034,-754.3485,-3996.7820999999985,-1601.2498,-5598.031899999999
117,495.6843,1480.0154,-1094.0801,0.0,0.0,0.0,-1282.1809,-15981.8907,599.1472,11741.1269,-1999.0001,1240.9529,-744.4796,-4042.1779000000006,-1502.5268,-5544.7047
118,539.6468,1452.9545,-1126.072,0.0,0.0,0.0,-1229.4524,-15977.0991,596.7299,11751.2284,-2057.5209,1254.4428,-766.5499,-3992.063899999999,-1569.628,-5561.691899999999
119,492.3221,1418.1152,-1083.603,0.0,0.0,0.0,-1248.6721,-16126.1201,603.0602,11785.5071,-1983.4763,1239.1621,-751.4384,-4159.390600000001,-1495.7526,-5655.143200000001
120,505.6483,1367.9789,-1103.5407,0.0,0.0,0.0,-1248.6709,-16143.6308,621.8585,11794.5561,-1938.4916,1237.8155,-747.5767,-4205.800600000002,-1448.2528000000002,-5654.0534000000025
121,501.0052,1424.7504,-1143.1107,0.0,0.0,0.0,-1248.1017,-16118.1578,599.9903,11769.1061,-1966.9764,1239.9229,-748.0209,-4214.5182,-1475.0744,-5689.5926
122,504.6612,1406.9675,-1108.3958,0.0,0.0,0.0,-1296.8455,-16119.7648,602.787,11731.6373,-1886.9056,1233.7662,-740.8719,-4278.953100000001,-1394.0113000000001,-5672.964400000001
123,505.3023,1433.782,-1106.3484,0.0,0.0,0.0,-1247.5797,-16163.7955,583.9253,11780.474,-1927.9798,1256.9234,-768.3715,-4214.239999999998,-1439.4279000000001,-5653.667899999999
124,511.2564,1431.0619,-1137.2111,0.0,0.0,0.0,-1294.7284,-16153.4669,617.9566,11784.2912,-1931.4777,1233.5772,-745.5343,-4240.840300000002,-1443.4348,-5684.275100000002
125,521.0854,1410.5435,-1078.2026,0.0,0.0,0.0,-1283.803,-16050.9649,611.1209,11794.2763,-2028.2521,1236.4642,-751.8427,-4075.9444000000003,-1543.6306,-5619.575
126,521.0804,1390.9493,-1102.6732,0.0,0.0,0.0,-1262.7896,-16096.2536,607.4527,11793.6251,-2006.5635,1238.2785,-755.4549,-4148.608899999999,-1523.7399,-5672.348799999999
127,526.9172,1460.7547,-1103.4586,0.0,0.0,0.0,-1258.6322,-15901.2901,601.4437,11741.6246,-2187.7385,1254.8113,-764.3708,-3932.6407000000017,-1697.2979999999998,-5629.938700000001
128,485.5801,1447.9602,-1097.0472,0.0,0.0,0.0,-1284.5469,-16103.909,607.8069,11830.7146,-2038.8955,1230.8509,-744.7689,-4113.441300000002,-1552.8135000000002,-5666.254800000003
129,527.5945,1427.9465,-1095.9168,0.0,0.0,0.0,-1285.6009,-15968.8177,619.3237,11723.8128,-2080.3597,1238.3778,-754.8515,-4051.6578999999983,-1596.8334,-5648.491299999998
130,546.3647,1377.791,-1087.2858,0.0,0.0,0.0,-1260.4879,-15984.4734,586.4598,11808.7582,-2080.0221,1240.4095,-753.7895,-4012.8734000000004,-1593.4021000000002,-5606.275500000001
131,535.9496,1432.0924,-1092.1725,0.0,0.0,0.0,-1275.82,-16076.2205,606.1506,11797.9042,-2022.4589,1231.862,-741.1463,-4072.1161999999968,-1531.7432,-5603.859399999997
132,511.3153,1438.7476,-1078.9193,0.0,0.0,0.0,-1255.4997,-16091.03,600.4643,11762.6472,-1987.5084,1248.7397,-764.1491,-4112.274600000001,-1502.9177999999997,-5615.1924
133,550.9339,1363.4868,-1101.0901,0.0,0.0,0.0,-1282.5468,-16130.003,602.3393,11808.8435,-1962.6282,1238.1368,-748.4143,-4188.036399999999,-1472.9057000000003,-5660.942099999999
134,501.4271,1461.9449,-1100.6138,0.0,0.0,0.0,-1274.2767,-15958.2011,613.4743,11732.5483,-2046.2656,1236.4405,-742.8265,-4023.697,-1552.6516000000001,-5576.3486
135,507.5116,1499.4618,-1091.1844,0.0,0.0,0.0,-1252.0285,-16084.1896,598.8331,11793.134,-2037.9854,1237.0264,-751.7086,-4028.4620000000014,-1552.6676000000002,-5581.129600000001
136,498.9763,1483.8625,-1087.1115,0.0,0.0,0.0,-1270.7702,-16013.1803,608.375,11772.1456,-2059.5218,1240.3812,-745.5882,-4007.7026000000005,-1564.7287999999999,-5572.431400000001
137,507.1702,1420.6441,-1079.9574,0.0,0.0,0.0,-1281.4465,-15915.002,618.3694,11790.2166,-2140.2426,1241.1325,-754.4515,-3940.0056000000004,-1653.5616,-5593.5672
138,531.4804,1461.6002,-1082.0676,0.0,0.0,0.0,-1284.253,-16049.3108,579.9259,11776.9415,-2033.8843,1241.7231,-749.4371,-4065.6833999999963,-1541.5983,-5607.281699999996
139,492.6042,1393.6228,-1100.7412,0.0,0.0,0.0,-1282.9576,-16037.7293,619.4773,11767.4288,-2003.9391,1242.4318,-749.8487,-4148.295000000002,-1511.356,-5659.651000000002
140,492.8546,1411.4389,-1091.4158,0.0,0.0,0.0,-1238.9587,-16091.3747,615.9315,11810.5186,-2072.8435,1239.1007,-753.4679,-4091.0055999999986,-1587.2107,-5678.216299999998
141,480.803,1438.9127,-1092.7882,0.0,0.0,0.0,-1256.8268,-16126.2419,616.2956,11769.6507,-1945.3347,1235.6184,-746.983,-4170.194900000002,-1456.6993,-5626.8942000000025
142,491.6049,1445.9662,-1097.2735,0.0,0.0,0.0,-1272.6884,-16162.7212,625.1161,11783.8976,-1956.1503,1229.0979,-750.8442,-4186.0983000000015,-1477.8966,-5663.9949000000015
143,545.3409,1434.6714,-1095.5717,0.0,0.0,0.0,-1305.0194,-16113.7649,600.7284,11772.1275,-1967.8604,1232.8495,-742.1558,-4161.487800000001,-1477.1667,-5638.654500000001
144,557.2808,1471.0171,-1059.0424,0.0,0.0,0.0,-1295.0943,-16031.1355,575.7036,11723.5906,-1965.8095,1232.8117,-741.5782,-4057.6800999999996,-1474.576,-5532.2561
145,500.1204,1389.7152,-1066.4121,0.0,0.0,0.0,-1259.055,-15972.6859,609.3019,11763.1106,-2080.6219,1240.4615,-753.6143,-4035.9048999999995,-1593.7747000000002,-5629.6796
146,507.6308,1444.0215,-1102.2356,0.0,0.0,0.0,-1283.864,-16112.8559,587.8598,11768.688,-1948.9454,1232.9535,-735.6506,-4190.755400000002,-1451.6425,-5642.397900000003
147,502.1798,1420.9137,-1092.4301,0.0,0.0,0.0,-1258.5918,-15990.9978,592.3872,11794.3524,-2070.5641,1245.385,-757.5228,-4032.186599999999,-1582.7019,-5614.888499999998
148,501.3759,1406.1545,-1091.4948,0.0,0.0,0.0,-1261.9094,-16101.1341,619.1714,11788.0685,-2006.5047,1236.9319,-751.0487,-4139.768000000002,-1520.6215,-5660.389500000002
149,529.9622,1448.6436,-1090.683,0.0,0.0,0.0,-1276.822,-16042.6797,589.666,11755.2882,-2028.5128,1232.618,-739.5966,-4086.6247000000003,-1535.4913999999999,-5622.1161
150,490.2902,1404.9443,-1085.2224,0.0,0.0,0.0,-1267.1001,-16031.7205,619.0121,11786.9714,-2049.1361,1238.8739,-749.8728,-4082.824999999999,-1560.1350000000002,-5642.959999999998
151,494.3466,1444.2647,-1112.6637,0.0,0.0,0.0,-1264.7795,-16040.9047,614.075,11800.04,-2063.6223,1240.0882,-751.7618,-4065.6215999999986,-1575.2959,-5640.917499999999
152,499.5976,1424.5379,-1107.2912,0.0,0.0,0.0,-1272.9362,-15882.3033,609.1025,11823.3284,-2207.4287,1246.0984,-753.286,-3905.964299999998,-1714.6162999999997,-5620.580599999998
153,495.3282,1429.3932,-1083.8235,0.0,0.0,0.0,-1273.9413,-16150.764,611.965,11829.578,-1964.9941,1244.1848,-752.2703,-4142.264399999998,-1473.0796,-5615.343999999998
154,501.5852,1408.9743,-1096.6117,0.0,0.0,0.0,-1238.1903,-16037.421,604.4884,11818.5706,-2095.1299,1241.9782,-755.7288,-4038.6044999999995,-1608.8804999999998,-5647.485
155,479.634,1423.0125,-1100.8863,0.0,0.0,0.0,-1238.0547,-16076.7894,636.9765,11828.3233,-2040.9972,1241.501,-749.9272,-4047.784099999997,-1549.4234000000001,-5597.207499999997
156,497.9468,1417.6615,-1079.6129,0.0,0.0,0.0,-1245.6822,-16129.9062,614.9915,11838.2579,-2002.1617,1242.3751,-753.3847,-4086.3436,-1513.1713,-5599.5149
157,509.5992,1403.3956,-1105.4037,0.0,0.0,0.0,-1249.747,-16013.7129,635.451,11806.7692,-2123.4118,1236.45,-750.6614,-4013.6485999999986,-1637.6231999999998,-5651.271799999999
158,499.4214,1400.3138,-1079.0589,0.0,0.0,0.0,-1263.8412,-16113.191,618.6773,11829.8315,-1997.975,1239.148,-745.3477,-4107.847100000003,-1504.1747,-5612.021800000003
159,553.9643,1409.4629,-1118.1316,0.0,0.0,0.0,-1279.8944,-16013.864,596.0608,11817.7109,-2083.1307,1234.6498,-751.2476,-4034.691100000002,-1599.7285000000002,-5634.419600000001
160,555.026,1437.0083,-1073.7483,0.0,0.0,0.0,-1291.8631,-15890.6759,614.9327,11745.3617,-2141.6433,1238.9731,-751.9608,-3903.9586000000018,-1654.6310000000003,-5558.589600000001
161,506.1891,1459.4731,-1074.5571,0.0,0.0,0.0,-1261.3673,-15947.7636,601.0373,11736.0901,-2083.1545,1245.6023,-760.76,-3980.8984,-1598.3122,-5579.2106
162,507.38,1418.8533,-1088.4239,0.0,0.0,0.0,-1255.5549,-15932.6793,606.2811,11810.1973,-2185.4084,1247.0623,-762.3035,-3933.9464000000007,-1700.6495999999997,-5634.596000000001
163,544.3237,1414.3697,-1103.5421,0.0,0.0,0.0,-1278.0551,-16004.4205,603.1567,11808.0205,-2098.8643,1240.2394,-761.7209,-4016.1471,-1620.3458000000003,-5636.492900000001
164,501.9059,1411.0628,-1106.5356,0.0,0.0,0.0,-1249.2774,-16104.3154,601.9323,11795.5908,-2050.3936,1248.2483,-762.8093,-4149.6366,-1564.9546,-5714.591199999999
165,494.393,1417.1731,-1106.7716,0.0,0.0,0.0,-1249.6395,-15915.4951,611.9852,11772.2154,-2153.4901,1255.9123,-766.348,-3976.139500000001,-1663.9258,-5640.065300000001
166,514.3133,1429.3491,-1080.6062,0.0,0.0,0.0,-1282.5708,-16052.8609,607.9763,11762.6664,-2010.7273,1247.2372,-757.5639,-4101.732799999998,-1521.054,-5622.786799999999
167,482.6642,1436.456,-1082.7355,0.0,0.0,0.0,-1273.7004,-15970.5215,614.0709,11807.8937,-2138.3625,1232.2305,-741.9669,-3985.8726000000006,-1648.0989000000004,-5633.9715000000015
168,528.1755,1373.4201,-1077.8568,0.0,0.0,0.0,-1272.9791,-16002.2822,612.1991,11745.7192,-2035.87,1233.7426,-747.9699,-4093.6041999999998,-1550.0973,-5643.701499999999
169,536.75,1437.7892,-1093.545,0.0,0.0,0.0,-1261.8887,-16143.973,615.7957,11760.6727,-1949.8916,1246.3772,-758.4381,-4148.3991000000005,-1461.9524999999999,-5610.351600000001
170,492.891,1396.8734,-1099.9482,0.0,0.0,0.0,-1244.2948,-16001.838,629.9766,11789.1097,-2100.0643,1238.5054,-750.7494,-4037.2302999999974,-1612.3083000000001,-5649.538599999997
171,486.4051,1423.6165,-1064.2789,0.0,0.0,0.0,-1274.7889,-15930.8693,603.7503,11794.4063,-2157.8336,1244.473,-751.875,-3961.7589000000007,-1665.2356,-5626.994500000001
172,540.345,1419.2833,-1070.2366,0.0,0.0,0.0,-1282.9008,-16006.5975,613.0091,11803.5281,-2076.9287,1236.2279,-742.6866,-3983.5694000000003,-1583.3873999999998,-5566.956800000001
173,507.6355,1447.1843,-1118.4732,0.0,0.0,0.0,-1250.926,-16106.7542,611.7281,11788.3031,-2040.7806,1239.8992,-758.9708,-4121.302399999999,-1559.8522,-5681.154599999999
174,482.2644,1408.4423,-1147.8873,0.0,0.0,0.0,-1248.7333,-16164.7786,621.3319,11810.147,-1944.4759,1234.7868,-750.8451,-4239.213600000001,-1460.5341999999998,-5699.747800000001
175,524.035,1401.6676,-1092.8088,0.0,0.0,0.0,-1301.9814,-16034.3283,608.1154,11806.3594,-2027.7457,1233.3126,-743.751,-4088.9411,-1538.1841,-5627.1251999999995
176,499.1011,1428.0843,-1056.421,0.0,0.0,0.0,-1275.4687,-16129.9678,596.3315,11779.3959,-1967.3017,1232.0085,-747.3875,-4158.9447,-1482.6807000000001,-5641.6254
177,506.3746,1438.6472,-1048.8186,0.0,0.0,0.0,-1297.1648,-16106.9048,604.4329,11840.3261,-2032.5633,1240.3198,-749.3963,-4063.107399999999,-1541.6398,-5604.747199999999
178,492.2036,1382.5658,-1075.2542,0.0,0.0,0.0,-1266.2475,-16093.8402,606.024,11824.7133,-2023.9211,1240.0741,-748.7041,-4129.835200000003,-1532.5511000000001,-5662.386300000003
179,508.5242,1468.1468,-1075.6592,0.0,0.0,0.0,-1254.6475,-16076.003,597.4679,11785.9622,-2031.6397,1238.4959,-754.6091,-4046.2086,-1547.7529,-5593.961499999999
180,507.4513,1453.3009,-1085.8378,0.0,0.0,0.0,-1266.9971,-16015.3666,596.443,11757.1463,-2025.8585,1228.4269,-745.7304,-4053.8600000000006,-1543.1620000000003,-5597.022000000001
181,517.0738,1396.4406,-1085.5234,0.0,0.0,0.0,-1262.1569,-16037.4992,613.0444,11789.5554,-2053.2397,1238.4156,-747.5088,-4069.0652999999984,-1562.3328999999999,-5631.398199999998
182,539.2387,1417.4962,-1079.349,0.0,0.0,0.0,-1238.7286,-16104.4621,598.9832,11808.708,-1986.1631,1246.2024,-754.5032,-4058.1136000000006,-1494.4639000000002,-5552.5775
183,536.4152,1464.6671,-1095.4656,0.0,0.0,0.0,-1274.8899,-16069.7448,603.813,11740.3338,-1973.635,1234.4088,-743.0298,-4094.8711999999996,-1482.256,-5577.1272
184,510.557,1386.0734,-1076.7127,0.0,0.0,0.0,-1278.1483,-16143.3269,615.1002,11825.9166,-2021.5893,1226.433,-741.6144,-4160.540699999998,-1536.7707,-5697.311399999998
185,516.3502,1410.2079,-1113.6211,0.0,0.0,0.0,-1265.5679,-16111.4765,606.4694,11847.5176,-2038.675,1234.7726,-743.3996,-4110.120400000002,-1547.302,-5657.422400000001
186,499.2278,1343.6778,-1096.5224,0.0,0.0,0.0,-1254.1562,-16248.5144,610.2126,11844.0119,-1896.0524,1236.1476,-751.6845,-4302.062900000001,-1411.5893,-5713.652200000001
187,542.5416,1400.6151,-1092.0358,0.0,0.0,0.0,-1276.0071,-16058.3125,619.5209,11795.4216,-2061.1973,1236.4027,-745.5502,-4068.2562000000016,-1570.3447999999999,-5638.601000000001
188,506.8349,1379.3199,-1087.2683,0.0,0.0,0.0,-1260.1805,-16226.3303,611.8934,11850.9121,-1944.7789,1232.996,-744.8455,-4224.818799999999,-1456.6284,-5681.4472
189,527.5918,1381.146,-1081.7141,0.0,0.0,0.0,-1293.2283,-16035.7224,605.2429,11810.5316,-2055.1374,1240.0268,-751.5157,-4086.1525,-1566.6263,-5652.7788
190,513.8556,1429.7438,-1099.7813,0.0,0.0,0.0,-1273.9323,-16096.9581,604.0284,11838.0143,-2032.8881,1243.0508,-750.3233,-4085.0296,-1540.1606,-5625.1902
191,519.7901,1419.7266,-1076.3059,0.0,0.0,0.0,-1265.5592,-16051.3878,600.2953,11844.9326,-2083.1622,1246.9678,-762.1519,-4008.5082999999995,-1598.3463000000002,-5606.8546
192,501.3357,1419.9453,-1096.7629,0.0,0.0,0.0,-1275.5363,-16034.974,612.1871,11829.5501,-2099.5767,1248.6074,-763.868,-4044.255000000001,-1614.8373000000001,-5659.092300000001
193,541.4707,1409.8202,-1092.9939,0.0,0.0,0.0,-1267.8789,-15967.8624,606.96,11808.8519,-2119.8151,1248.9382,-759.4814,-3961.6324000000004,-1630.3582999999999,-5591.990699999999
194,502.1652,1361.4572,-1072.5398,0.0,0.0,0.0,-1264.2121,-16143.416,594.6441,11803.1105,-1953.1073,1241.9404,-759.7976,-4218.7909,-1470.9645,-5689.7554
195,486.3726,1420.6311,-1081.4035,0.0,0.0,0.0,-1270.3194,-16156.6735,596.9075,11817.3051,-1979.1326,1238.8125,-762.212,-4187.180100000001,-1502.5321,-5689.712200000002
196,516.4325,1475.016,-1100.7188,0.0,0.0,0.0,-1258.9285,-15976.2975,612.2892,11767.0522,-2111.338,1256.3989,-786.023,-3965.1549000000014,-1640.9621000000002,-5606.117000000001
197,522.4633,1365.1756,-1106.7556,0.0,0.0,0.0,-1222.0344,-16009.6204,607.6257,11765.7087,-2070.0557,1251.896,-770.3309,-4077.437099999999,-1588.4906,-5665.927699999999
198,505.0561,1430.1695,-1081.0912,0.0,0.0,0.0,-1265.1952,-16084.5674,604.416,11778.6275,-1994.4311,1245.0873,-760.3528,-4112.584699999999,-1509.6966000000002,-5622.281299999999
199,507.1087,1402.454,-1067.8709,0.0,0.0,0.0,-1255.4298,-16010.4427,610.2567,11764.8847,-2055.1255,1238.1274,-764.3242,-4049.0393000000004,-1581.3223,-5630.3616
200,531.4555,1400.997,-1123.5615,0.0,0.0,0.0,-1262.6568,-16045.755,601.2725,11766.7688,-2038.4524,1233.4874,-753.8861,-4131.4794999999995,-1558.8510999999999,-5690.330599999999
201,483.2594,1481.6512,-1114.9952,0.0,0.0,0.0,-1271.8248,-16061.5368,605.6749,11815.2158,-2035.0187,1240.3198,-756.4938,-4062.5554999999986,-1551.1927,-5613.748199999999
202,524.4555,1453.8996,-1075.7269,0.0,0.0,0.0,-1257.0659,-16126.2503,626.6721,11851.3866,-2000.5909,1240.9246,-757.7535,-4002.6292999999987,-1517.4198,-5520.049099999998
203,514.5295,1430.602,-1080.1532,0.0,0.0,0.0,-1270.6043,-16150.5339,613.2737,11843.0895,-1989.8025,1238.9731,-753.4569,-4099.796699999999,-1504.2863000000002,-5604.082999999999
204,519.3657,1375.3999,-1069.8575,0.0,0.0,0.0,-1270.736,-16002.2894,615.4652,11823.6096,-2071.3958,1251.2818,-766.0031,-4009.0425000000014,-1586.1171,-5595.159600000002
205,528.1419,1421.2806,-1106.6382,0.0,0.0,0.0,-1253.6729,-15998.6027,601.9677,11818.5392,-2091.329,1256.8478,-769.718,-3988.9843999999994,-1604.1992,-5593.183599999999
206,505.9479,1414.9787,-1107.1236,0.0,0.0,0.0,-1255.9684,-16045.7669,618.0598,11765.9693,-2015.0567,1247.7475,-767.5732,-4103.903200000001,-1534.8824000000002,-5638.7856
207,507.8185,1449.4817,-1098.5053,0.0,0.0,0.0,-1257.3528,-16159.2157,576.4803,11774.7855,-1933.4793,1238.8645,-753.265,-4206.507800000001,-1447.8798000000002,-5654.387600000002
208,497.0663,1428.7764,-1070.5984,0.0,0.0,0.0,-1270.2188,-16213.7362,619.048,11824.5712,-1898.6641,1247.0056,-763.1759,-4185.091499999999,-1414.8344,-5599.925899999998
209,503.9471,1354.091,-1054.033,0.0,0.0,0.0,-1281.4402,-16177.7029,604.7426,11840.0734,-1985.0741,1244.7565,-764.7614,-4210.322,-1505.0790000000002,-5715.401000000001
210,510.9925,1391.795,-1095.2981,0.0,0.0,0.0,-1248.7002,-15965.4593,602.7638,11771.0272,-2135.3828,1250.0013,-761.3789,-4032.8790999999983,-1646.7604000000001,-5679.6394999999975
211,499.0458,1428.636,-1122.0191,0.0,0.0,0.0,-1262.6674,-15909.2532,607.6615,11768.408,-2133.4957,1243.6225,-758.4279,-3990.188399999999,-1648.3011000000001,-5638.489499999999
212,530.1847,1439.9621,-1085.9184,0.0,0.0,0.0,-1265.6966,-15952.3175,609.6226,11769.2723,-2085.1451,1249.6847,-764.7089,-3954.8907999999974,-1600.1693,-5555.060099999997
213,544.8542,1454.6825,-1083.5856,0.0,0.0,0.0,-1241.0659,-15986.9565,585.358,11737.7065,-2090.7494,1247.5112,-754.5985,-3989.006799999999,-1597.8367000000003,-5586.8435
214,497.7726,1445.2594,-1096.531,0.0,0.0,0.0,-1278.2226,-16121.0723,617.7846,11826.5107,-2024.5928,1239.8236,-754.6408,-4108.498600000001,-1539.4099999999999,-5647.908600000002
215,499.7258,1458.4117,-1086.3659,0.0,0.0,0.0,-1276.5606,-16050.9102,583.7631,11819.6996,-2052.0112,1246.6229,-754.1822,-4052.236499999999,-1559.5704999999998,-5611.806999999999
216,483.8385,1455.0813,-1088.7408,0.0,0.0,0.0,-1290.1607,-15913.0043,618.3257,11813.0791,-2165.4057,1247.0434,-759.7141,-3921.5812000000005,-1678.0764,-5599.6576
217,504.7402,1443.8268,-1071.2588,0.0,0.0,0.0,-1234.178,-16096.0465,623.612,11778.5111,-2057.2174,1246.0559,-759.5385,-4050.793200000002,-1570.6999999999998,-5621.493200000001
218,496.401,1461.0455,-1121.8176,0.0,0.0,0.0,-1266.1457,-16069.676,605.4286,11848.5184,-2049.824,1241.1561,-754.7245,-4046.2458000000006,-1563.3924000000002,-5609.638200000001
219,517.6392,1379.3536,-1089.324,0.0,0.0,0.0,-1242.9404,-16143.0,603.9023,11841.592,-2007.4514,1254.92,-766.3362,-4132.7773,-1518.8675999999998,-5651.644899999999
220,539.9168,1441.0447,-1103.5449,0.0,0.0,0.0,-1241.5207,-16176.9963,605.0428,11755.7281,-1940.1763,1232.9488,-754.1575,-4180.3295,-1461.3850000000002,-5641.7145
221,529.2104,1415.3283,-1119.518,0.0,0.0,0.0,-1308.5299,-16087.7706,581.0578,11810.4319,-2014.0456,1234.7773,-754.3332,-4179.7901,-1533.6015,-5713.3916
222,520.2921,1461.8835,-1082.3599,0.0,0.0,0.0,-1278.3312,-16071.0887,619.3683,11775.3363,-2019.5046,1238.4676,-752.0678,-4054.8996000000006,-1533.1048,-5588.004400000001
223,501.9457,1409.2737,-1097.4291,0.0,0.0,0.0,-1277.6713,-16112.5889,604.0748,11821.3715,-2025.6062,1241.071,-756.3212,-4151.0236,-1540.8564000000001,-5691.880000000001
224,499.7662,1437.6302,-1096.4278,0.0,0.0,0.0,-1270.5105,-16040.4125,608.0947,11757.6931,-2008.7361,1252.9024,-764.8009,-4104.166599999999,-1520.6346,-5624.801199999999
225,502.2178,1432.1519,-1087.7829,0.0,0.0,0.0,-1265.6522,-16030.8711,606.1999,11767.5855,-2031.6249,1250.6155,-762.3945,-4076.151100000001,-1543.4038999999998,-5619.555000000001
226,483.7271,1442.8463,-1089.8779,0.0,0.0,0.0,-1264.6476,-16108.0639,598.0399,11790.6335,-1961.3343,1241.7939,-756.6255,-4147.3426,-1476.1659,-5623.508500000001
227,521.1662,1406.7688,-1067.9075,0.0,0.0,0.0,-1247.0384,-16099.38,598.8355,11752.3881,-1984.9657,1241.69,-757.5258,-4135.167299999999,-1500.8015,-5635.9688
228,541.0899,1408.6402,-1097.7209,0.0,0.0,0.0,-1258.0185,-16020.7984,600.3145,11730.2351,-2007.6307,1244.6337,-753.2581,-4096.258100000001,-1516.2550999999999,-5612.5132
229,514.9713,1403.2221,-1108.8646,0.0,0.0,0.0,-1302.9589,-16060.6893,601.7332,11811.4021,-2012.5507,1239.4409,-752.0839,-4141.1841,-1525.1936999999998,-5666.3778
230,508.5505,1415.4747,-1067.3088,0.0,0.0,0.0,-1258.8557,-16082.1419,619.0119,11800.8444,-2059.72,1249.3776,-774.5851,-4064.424900000002,-1584.9274999999998,-5649.352400000002
231,511.1477,1454.8407,-1070.8781,0.0,0.0,0.0,-1264.8704,-15946.8892,596.7243,11735.937,-2094.5673,1251.3243,-763.672,-3983.9879999999994,-1606.9150000000002,-5590.903
232,529.0437,1423.5745,-1086.4634,0.0,0.0,0.0,-1293.5313,-15989.0935,616.1186,11825.4149,-2119.6251,1237.291,-748.2597,-3974.9365000000016,-1630.5938,-5605.530300000001
233,507.7912,1422.2733,-1076.7018,0.0,0.0,0.0,-1274.4971,-15989.8919,594.4235,11752.1957,-2031.7664,1236.0814,-743.2641,-4064.4071000000004,-1538.9490999999998,-5603.356200000001
234,487.7522,1423.4464,-1084.8445,0.0,0.0,0.0,-1288.007,-16033.9238,613.4123,11848.5621,-2079.3135,1241.2317,-743.0099,-4033.6023000000023,-1581.0917000000002,-5614.694000000002
235,545.125,1429.823,-1098.0347,0.0,0.0,0.0,-1262.4468,-15957.7322,595.679,11788.0585,-2107.441,1250.3935,-751.9289,-3959.5282000000007,-1608.9764,-5568.5046
236,507.3978,1413.6841,-1037.0678,0.0,0.0,0.0,-1291.0406,-16036.2953,612.2087,11837.8115,-2104.8007,1244.0289,-749.1221,-3993.3016000000025,-1609.8938999999998,-5603.195500000002
237,527.1472,1461.1157,-1103.8209,0.0,0.0,0.0,-1284.4532,-15994.0461,593.9515,11723.2354,-2046.526,1245.9614,-759.5511,-4076.8704000000016,-1560.1157000000003,-5636.986100000001
238,526.6143,1482.4653,-1100.4425,0.0,0.0,0.0,-1260.0572,-16068.0577,607.3139,11764.8485,-1983.4296,1237.4564,-744.3081,-4047.3154000000013,-1490.2812999999999,-5537.596700000001
239,521.3152,1466.2194,-1105.6491,0.0,0.0,0.0,-1268.4541,-16146.5886,603.3446,11784.0038,-1959.5052,1229.7074,-741.5907,-4145.808799999997,-1471.3885,-5617.197299999996
240,515.9697,1423.9531,-1087.9388,0.0,0.0,0.0,-1261.1755,-16052.5057,598.3761,11752.9019,-2034.8453,1236.2704,-745.9821,-4110.419199999998,-1544.5569999999998,-5654.976199999998
241,516.0486,1452.209,-1117.0555,0.0,0.0,0.0,-1277.6303,-15987.397,613.2235,11730.5627,-2036.348,1237.9053,-751.651,-4070.038999999999,-1550.0937,-5620.132699999998
242,551.2516,1437.7518,-1101.4364,0.0,0.0,0.0,-1258.3984,-16044.6495,610.9151,11745.3641,-2052.0078,1242.0727,-755.8284,-4059.201699999998,-1565.7635,-5624.965199999998
243,499.0363,1418.9196,-1081.1777,0.0,0.0,0.0,-1286.9111,-15994.4009,609.0392,11749.506,-2036.3001,1246.0228,-754.4805,-4085.9886000000024,-1544.7577999999999,-5630.746400000003
244,550.3335,1412.9488,-1103.1472,0.0,0.0,0.0,-1286.6845,-15977.5406,602.0316,11697.2909,-2008.1273,1247.3931,-761.263,-4104.7675,-1521.9972000000002,-5626.7647
245,520.1196,1457.1598,-1096.1004,0.0,0.0,0.0,-1265.5737,-15992.4874,618.1396,11705.0868,-2022.5991,1235.2687,-750.453,-4053.655700000001,-1537.7833999999998,-5591.4391
246,504.274,1461.4408,-1123.9034,0.0,0.0,0.0,-1262.9286,-15996.9719,604.1661,11760.3959,-2069.4512,1233.0149,-749.3039,-4053.527100000001,-1585.7402000000002,-5639.2673
247,516.3128,1440.6489,-1111.1807,0.0,0.0,0.0,-1270.2412,-16040.0197,614.7517,11744.9144,-2028.2094,1239.4645,-744.9756,-4104.813800000002,-1533.7205,-5638.534300000001
248,522.782,1471.4665,-1070.5878,0.0,0.0,0.0,-1285.8669,-16120.9596,603.2101,11779.5932,-1950.5152,1229.0648,-736.1397,-4100.362499999999,-1457.5901,-5557.952599999999
249,482.6299,1475.5321,-1103.695,0.0,0.0,0.0,-1265.2474,-16013.3035,594.6009,11732.4914,-2015.4655,1234.9994,-751.2306,-4096.991600000001,-1531.6967,-5628.688300000002
250,529.6944,1363.6154,-1081.1217,0.0,0.0,0.0,-1279.9081,-16062.1342,612.9056,11777.0246,-1991.2723,1231.6777,-747.2893,-4139.924000000001,-1506.8839000000003,-5646.807900000002
251,527.1441,1437.8538,-1102.61,0.0,0.0,0.0,-1277.8667,-16001.9604,604.0303,11766.4116,-2061.9907,1232.9535,-734.0828,-4046.997300000001,-1563.12,-5610.117300000002
252,534.3732,1404.8785,-1110.1593,0.0,0.0,0.0,-1287.2749,-16023.1916,611.6105,11776.0395,-2016.5173,1245.8811,-753.6885,-4093.7240999999995,-1524.3247,-5618.048799999999
253,512.7143,1405.7873,-1113.5893,0.0,0.0,0.0,-1247.959,-16022.371,616.4011,11749.3837,-2055.0441,1243.306,-756.336,-4099.632899999999,-1568.0741,-5667.706999999999
254,496.5514,1438.1161,-1113.5612,0.0,0.0,0.0,-1277.4333,-16234.4241,595.164,11765.118,-1881.3711,1230.917,-746.2027,-4330.4691,-1396.6568000000002,-5727.125900000001
255,531.7128,1390.8476,-1086.141,0.0,0.0,0.0,-1283.0517,-16225.6298,603.3741,11743.3969,-1858.1798,1227.945,-740.9268,-4325.491099999999,-1371.1616,-5696.6527
256,511.1114,1417.3481,-1118.0309,0.0,0.0,0.0,-1272.0636,-16163.689,622.1841,11777.4737,-1909.2971,1229.6129,-738.8214,-4225.6662,-1418.5056,-5644.171799999999
257,506.3258,1469.7518,-1100.3059,0.0,0.0,0.0,-1275.0057,-16084.0863,605.403,11787.6251,-2013.8561,1242.0208,-747.5647,-4090.2922,-1519.4,-5609.6921999999995
258,492.908,1462.3638,-1061.6091,0.0,0.0,0.0,-1247.1524,-16044.023,594.6963,11720.9012,-2044.4089,1242.3799,-750.9751,-4081.9151999999995,-1553.0041,-5634.9193
259,529.8605,1481.454,-1090.2221,0.0,0.0,0.0,-1280.9685,-16044.8549,589.5996,11719.8272,-1984.5445,1233.941,-740.9426,-4095.3042000000005,-1491.5461,-5586.850300000001
260,511.4584,1448.8614,-1112.9245,0.0,0.0,0.0,-1259.9468,-16032.8914,612.5569,11772.5328,-2034.2013,1237.1257,-744.9283,-4060.3532000000014,-1542.0039,-5602.357100000001
261,514.0416,1397.3828,-1117.0062,0.0,0.0,0.0,-1284.4163,-16359.038,612.4791,11802.3035,-1800.4546,1226.0739,-738.5687,-4434.253500000001,-1312.9494,-5747.2029
262,520.5396,1429.4022,-1086.6991,0.0,0.0,0.0,-1275.7891,-16174.4178,619.4463,11815.8641,-1958.2805,1230.4162,-740.2269,-4151.653799999998,-1468.0912000000003,-5619.744999999998
263,485.6312,1430.3385,-1057.2303,0.0,0.0,0.0,-1248.4421,-15967.8377,598.6873,11733.9408,-2073.4633,1241.6711,-753.6515,-4024.9123,-1585.4436999999998,-5610.356
264,520.6167,1417.6919,-1092.5604,0.0,0.0,0.0,-1250.2902,-16202.086,616.8034,11756.6833,-1897.5754,1232.807,-745.3542,-4233.141299999999,-1410.1226,-5643.263899999999
265,512.2488,1410.9501,-1090.9613,0.0,0.0,0.0,-1237.3166,-16233.2361,610.2925,11795.6678,-1911.9402,1233.9268,-740.441,-4232.354800000001,-1418.4544,-5650.809200000001
266,535.1266,1469.983,-1099.3704,0.0,0.0,0.0,-1284.4628,-16141.6091,607.4304,11775.5488,-1909.7689,1234.9805,-744.2094,-4137.353499999999,-1418.9978,-5556.351299999999
267,507.44,1447.7118,-1092.2162,0.0,0.0,0.0,-1256.3797,-16197.2538,603.9653,11751.3451,-1879.8746,1229.5751,-735.1305,-4235.387499999999,-1385.43,-5620.817499999999
268,504.1742,1407.5256,-1055.8001,0.0,0.0,0.0,-1266.3708,-16141.9832,617.6861,11711.7349,-1903.0359,1232.6416,-740.2992,-4223.033300000001,-1410.6935000000003,-5633.726800000001
269,516.3175,1462.6965,-1106.9211,0.0,0.0,0.0,-1286.7174,-16146.3091,595.6314,11786.6012,-1931.1384,1234.5883,-740.9265,-4178.701000000001,-1437.4766000000002,-5616.177600000001
270,479.4422,1427.0472,-1112.6181,0.0,0.0,0.0,-1250.8855,-16152.4119,609.0355,11866.9158,-2008.2608,1237.0359,-748.1494,-4133.4748,-1519.3743,-5652.8491
271,505.3325,1462.0757,-1104.3896,0.0,0.0,0.0,-1277.7706,-16206.5703,619.3713,11789.0691,-1898.2694,1232.755,-742.9463,-4212.8818999999985,-1408.4606999999996,-5621.342599999998
272,525.982,1422.5886,-1111.777,0.0,0.0,0.0,-1253.968,-16073.7046,603.4932,11773.0684,-2012.8788,1237.8769,-756.2916,-4114.3174,-1531.2935,-5645.6109
273,469.4239,1389.9624,-1119.3795,0.0,0.0,0.0,-1234.7849,-16224.3158,619.9419,11812.5773,-1911.4648,1237.8958,-752.1656,-4286.574699999999,-1425.7346,-5712.309299999999
274,519.4793,1419.0585,-1101.2216,0.0,0.0,0.0,-1293.1925,-16136.5694,611.4122,11835.9879,-1976.7019,1233.9552,-743.865,-4145.0455999999995,-1486.6117,-5631.657299999999
275,500.1967,1370.7226,-1076.3261,0.0,0.0,0.0,-1278.2534,-16102.3359,610.4939,11840.3609,-1985.9701,1228.5734,-735.2666,-4135.141300000001,-1492.6633000000002,-5627.804600000001
276,478.0065,1436.6949,-1075.7994,0.0,0.0,0.0,-1259.9871,-16213.0716,608.1956,11771.4283,-1897.4271,1236.157,-746.5906,-4254.532800000001,-1407.8607000000002,-5662.3935
277,524.1228,1489.6668,-1095.7255,0.0,0.0,0.0,-1332.7715,-16120.9219,593.7257,11781.7758,-1923.3882,1231.5454,-732.8854,-4160.127800000002,-1424.7282,-5584.8560000000025
278,479.9313,1467.2319,-1112.2242,0.0,0.0,0.0,-1276.6031,-16260.2435,605.7582,11796.204,-1861.5225,1230.6146,-749.062,-4299.945400000002,-1379.9699,-5679.915300000002
279,495.2012,1447.9807,-1089.9732,0.0,0.0,0.0,-1264.9691,-16172.445,613.2532,11766.224,-1886.7804,1235.0372,-743.2592,-4204.7282,-1395.0024,-5599.730599999999
280,521.4049,1431.6043,-1082.4206,0.0,0.0,0.0,-1268.1,-16329.5389,619.1716,11850.2652,-1851.609,1230.9595,-750.0483,-4257.6134999999995,-1370.6978,-5628.3113
281,516.9363,1445.2977,-1074.3367,0.0,0.0,0.0,-1273.7242,-16117.2279,609.5961,11751.5131,-1913.8458,1230.728,-738.2124,-4141.945600000001,-1421.3301999999999,-5563.275800000001
282,529.3106,1384.6223,-1123.8084,0.0,0.0,0.0,-1286.1863,-16100.3598,597.0545,11741.1835,-1940.2513,1240.5607,-745.4474,-4258.183600000002,-1445.138,-5703.321600000002
283,491.4627,1450.4571,-1075.1141,0.0,0.0,0.0,-1260.3333,-16247.2305,625.8554,11797.4778,-1851.8448,1225.6581,-740.5753,-4217.424899999998,-1366.762,-5584.186899999999
284,510.4738,1387.5237,-1079.8783,0.0,0.0,0.0,-1288.9056,-16333.3637,607.0973,11775.1063,-1758.2205,1224.2595,-739.9889,-4421.9465,-1273.9499,-5695.8964
285,482.8746,1385.9143,-1086.7605,0.0,0.0,0.0,-1278.7809,-16365.9023,613.1057,11855.9227,-1780.8519,1228.1671,-738.4496,-4393.626400000001,-1291.1344,-5684.760800000001
286,520.9811,1411.5676,-1064.977,0.0,0.0,0.0,-1295.3222,-16184.1103,602.6586,11752.3959,-1862.9296,1230.9359,-741.3444,-4256.806300000002,-1373.3381,-5630.144400000001
287,490.8242,1396.6697,-1054.6383,0.0,0.0,0.0,-1271.5824,-16160.2241,606.4869,11858.5192,-1995.67,1228.7293,-747.9736,-4133.944799999999,-1514.9143000000001,-5648.8591
288,521.7895,1419.7746,-1054.892,0.0,0.0,0.0,-1325.0745,-16229.9898,615.4873,11840.4276,-1891.7354,1224.1508,-726.5824,-4212.477299999997,-1394.1670000000001,-5606.644299999997
289,504.6116,1390.478,-1085.1504,0.0,0.0,0.0,-1263.4732,-16148.2013,608.0322,11787.3705,-1978.6457,1240.1071,-750.8307,-4206.3326,-1489.3693,-5695.7019
290,499.6915,1406.6012,-1087.7828,0.0,0.0,0.0,-1280.306,-16001.5383,600.6806,11755.9019,-2057.7931,1228.219,-740.6446,-4106.751899999999,-1570.2187,-5676.970599999999
291,549.9384,1382.1764,-1080.2558,0.0,0.0,0.0,-1282.3873,-15944.142,608.4029,11758.535,-2095.4632,1234.5883,-740.8418,-4007.732400000001,-1601.7167000000004,-5609.449100000002
292,531.4884,1458.1761,-1103.5583,0.0,0.0,0.0,-1285.574,-16129.4255,587.7877,11815.8539,-2002.0029,1235.1175,-747.7816,-4125.251699999999,-1514.667,-5639.918699999998
293,503.4672,1465.5143,-1074.8383,0.0,0.0,0.0,-1248.7839,-16133.8084,604.4925,11847.9804,-2015.7181,1226.9055,-738.9752,-4035.9761999999973,-1527.7878,-5563.763999999997
294,507.471,1401.8358,-1072.0534,0.0,0.0,0.0,-1291.5936,-16070.8358,612.7775,11762.0059,-2016.1129,1225.9888,-736.1745,-4150.392599999999,-1526.2986,-5676.691199999999
295,520.6912,1463.0081,-1126.2633,0.0,0.0,0.0,-1261.4327,-15891.9348,599.8918,11767.5944,-2180.276,1242.1578,-756.7622,-3928.445300000001,-1694.8804,-5623.325700000001
296,485.6079,1415.3879,-1094.595,0.0,0.0,0.0,-1264.4401,-16067.1752,609.4684,11827.9575,-2055.7057,1242.446,-756.671,-4087.788599999998,-1569.9307000000001,-5657.719299999999
297,489.1328,1422.9448,-1071.3323,0.0,0.0,0.0,-1287.8344,-16194.5844,606.3552,11761.3228,-1929.1317,1231.3281,-744.0121,-4273.995500000001,-1441.8157,-5715.811200000001
298,469.8237,1462.574,-1105.8109,0.0,0.0,0.0,-1256.126,-16289.1584,609.8615,11804.8069,-1870.5266,1226.7543,-745.8642,-4304.029200000001,-1389.6364999999998,-5693.665700000001
299,497.158,1528.0538,-1104.9601,0.0,0.0,0.0,-1263.6248,-16231.9504,615.0065,11735.8328,-1875.9497,1234.3804,-747.5788,-4224.484199999999,-1389.1480999999999,-5613.632299999999
300,504.9419,1396.4599,-1078.8508,0.0,0.0,0.0,-1253.0545,-16316.5988,612.7154,11808.0009,-1844.4189,1230.5201,-744.3202,-4326.385999999999,-1358.219,-5684.604999999999
301,525.1891,1458.6175,-1108.3077,0.0,0.0,0.0,-1269.7085,-16179.322,586.7136,11694.9545,-1883.7079,1231.0918,-745.6816,-4291.8634999999995,-1398.2977,-5690.1612
302,498.2956,1424.653,-1101.896,0.0,0.0,0.0,-1265.6838,-16061.8066,611.237,11738.1984,-2014.3101,1231.432,-745.6404,-4157.002400000001,-1528.5185,-5685.520900000001
303,496.2025,1426.4653,-1094.6815,0.0,0.0,0.0,-1262.3091,-16127.7394,590.8817,11731.1484,-1955.6089,1238.2975,-749.0974,-4240.0321,-1466.4088000000002,-5706.4409000000005
304,534.8815,1433.4081,-1062.823,0.0,0.0,0.0,-1264.4283,-16165.4477,617.7256,11770.2361,-1952.5354,1235.4436,-749.9816,-4136.447700000001,-1467.0733999999998,-5603.521100000001
305,495.0507,1394.9651,-1061.031,0.0,0.0,0.0,-1261.5444,-16194.166,611.8797,11823.7953,-1925.3077,1238.992,-747.0566,-4191.050599999999,-1433.3723,-5624.422899999999
306,500.0114,1407.6205,-1096.6952,0.0,0.0,0.0,-1260.2701,-16223.0037,637.4632,11766.6186,-1855.7303,1233.322,-747.984,-4268.255300000001,-1370.3923,-5638.647600000001
307,523.1367,1388.9124,-1063.5703,0.0,0.0,0.0,-1245.1341,-16207.0276,602.8113,11728.4077,-1880.6171,1234.8907,-749.1252,-4272.463900000001,-1394.8516,-5667.315500000001
308,522.4083,1363.1915,-1109.9807,0.0,0.0,0.0,-1263.7211,-16084.0561,607.4009,11711.7689,-1932.351,1234.7679,-751.0301,-4252.988300000001,-1448.6132,-5701.601500000002
309,518.7835,1445.9312,-1117.6617,0.0,0.0,0.0,-1268.1681,-16090.1165,627.947,11806.9472,-2003.5488,1238.8834,-751.6376,-4076.3373999999985,-1516.303,-5592.640399999999
310,494.7004,1370.8771,-1088.8193,0.0,0.0,0.0,-1280.1192,-16206.9718,618.8886,11801.3147,-1917.2058,1228.2427,-741.6268,-4290.129499999999,-1430.5899,-5720.719399999999
311,519.7302,1478.2215,-1093.7711,0.0,0.0,0.0,-1290.4044,-16138.6588,607.8055,11744.9048,-1940.5874,1228.6632,-735.483,-4172.1722999999965,-1447.4071999999999,-5619.579499999997
312,531.6607,1537.1546,-1113.6758,0.0,0.0,0.0,-1273.866,-16111.5085,591.0282,11760.487,-1981.9063,1246.6654,-757.6654,-4078.7198000000008,-1492.9063,-5571.626100000001
313,509.335,1464.2729,-1073.7281,0.0,0.0,0.0,-1255.8939,-16276.133,611.7933,11753.1471,-1851.5578,1237.206,-750.2922,-4267.206699999999,-1364.6440000000002,-5631.850699999999
314,540.3993,1431.5265,-1105.633,0.0,0.0,0.0,-1225.2523,-16202.3985,609.6358,11796.824,-1967.6923,1245.4984,-759.0597,-4154.8982,-1481.2536,-5636.1518
315,494.8001,1445.0183,-1081.914,0.0,0.0,0.0,-1272.8783,-16143.6683,595.5627,11722.7173,-1914.6973,1236.209,-757.3934,-4240.362199999998,-1435.8817,-5676.243899999998
316,494.8874,1443.3146,-1105.4076,0.0,0.0,0.0,-1262.4559,-16122.6955,607.9757,11760.1788,-1966.865,1240.3103,-756.1262,-4184.202500000001,-1482.6808999999998,-5666.883400000001
317,533.6029,1452.0797,-1058.995,0.0,0.0,0.0,-1278.4691,-15950.8596,602.9382,11706.2707,-2048.5078,1241.3309,-751.6644,-3993.4321999999993,-1558.8413,-5552.273499999998
318,508.4526,1477.2259,-1135.8042,0.0,0.0,0.0,-1277.1224,-16056.0578,594.3868,11743.2475,-1971.3005,1238.5857,-752.7103,-4145.6716,-1485.4251,-5631.096699999999
319,503.7955,1435.3155,-1112.5235,0.0,0.0,0.0,-1245.0733,-16059.0163,627.398,11734.5042,-1992.9247,1238.5243,-750.7169,-4115.599899999999,-1505.1173,-5620.717199999999
320,506.589,1460.0702,-1104.6067,0.0,0.0,0.0,-1279.4514,-16007.3245,608.6634,11738.0466,-2065.0557,1250.1336,-764.3657,-4078.0134,-1579.2878,-5657.3012
321,486.7689,1439.0679,-1076.4497,0.0,0.0,0.0,-1266.178,-16115.609,595.9061,11734.6457,-1974.0592,1236.7524,-750.366,-4201.848100000001,-1487.6727999999998,-5689.5209
322,580.6808,1393.803,-1076.5191,0.0,0.0,0.0,-1244.3285,-16206.2703,610.3761,11765.206,-1918.4085,1237.7966,-752.0547,-4177.052,-1432.6666,-5609.718599999999
323,530.36,1445.9772,-1107.0832,0.0,0.0,0.0,-1264.8068,-15947.1814,600.5637,11696.0874,-2033.5454,1238.3636,-746.728,-4046.083099999998,-1541.9098,-5587.992899999998
324,483.7506,1394.6803,-1108.5716,0.0,0.0,0.0,-1275.2142,-16123.2682,614.6913,11804.7133,-1970.5317,1238.2408,-751.5443,-4209.218500000001,-1483.8352,-5693.0537
325,502.1303,1484.4222,-1111.1528,0.0,0.0,0.0,-1266.8051,-16031.3789,609.6522,11707.9956,-1981.6791,1239.6016,-749.5059,-4105.136499999999,-1491.5834,-5596.719899999999
326,522.2973,1452.7255,-1088.6865,0.0,0.0,0.0,-1282.9192,-16020.5185,605.8218,11732.2765,-1998.0906,1239.5212,-755.447,-4079.0031,-1514.0164,-5593.019499999999
327,519.3594,1499.0826,-1054.0194,0.0,0.0,0.0,-1291.1702,-16074.3796,593.5471,11732.8006,-1995.2383,1239.7764,-756.4335,-4074.7794999999987,-1511.8953999999999,-5586.674899999999
328,516.9736,1470.7819,-1112.09,0.0,0.0,0.0,-1291.4782,-16052.7423,593.1148,11746.828,-1980.6755,1239.9134,-751.7971,-4128.612200000001,-1492.5592000000001,-5621.171400000001
329,517.8225,1451.6738,-1121.6081,0.0,0.0,0.0,-1244.7264,-16155.0385,614.8829,11760.0614,-1935.3266,1234.4371,-744.4894,-4176.9324,-1445.3789000000002,-5622.3113
330,521.7362,1433.5169,-1096.6892,0.0,0.0,0.0,-1271.0487,-16050.1717,607.984,11761.6367,-2019.668,1247.1616,-758.0315,-4093.0358000000015,-1530.5379,-5623.573700000002
331,518.6485,1419.3496,-1103.2348,0.0,0.0,0.0,-1284.5223,-16117.2138,612.0645,11745.9174,-1913.3743,1236.6626,-751.2162,-4208.990899999999,-1427.9278999999997,-5636.918799999999
332,516.0877,1439.6348,-1089.4196,0.0,0.0,0.0,-1252.478,-16248.1966,620.4149,11813.0729,-1878.1706,1236.1618,-748.7269,-4200.883900000001,-1390.7356999999997,-5591.6196
333,508.4893,1414.3081,-1104.6631,0.0,0.0,0.0,-1256.3337,-16024.0213,627.5117,11743.0606,-2042.042,1239.2708,-755.7795,-4091.648400000002,-1558.5506999999998,-5650.199100000001
334,517.5652,1380.31,-1105.8141,0.0,0.0,0.0,-1277.6682,-16131.7236,616.8719,11833.1733,-1958.4344,1242.2523,-756.2922,-4167.285499999998,-1472.4742999999999,-5639.759799999998
335,496.537,1391.8284,-1059.8123,0.0,0.0,0.0,-1282.0924,-16152.034,598.5488,11844.6467,-1955.4934,1237.069,-739.0456,-4162.3778,-1457.4700000000003,-5619.8478000000005
336,468.9552,1408.7657,-1094.4919,0.0,0.0,0.0,-1288.5886,-16062.6463,621.748,11833.5567,-2027.5995,1233.511,-743.5891,-4112.701200000001,-1537.6776,-5650.378800000001
337,523.5587,1466.6905,-1106.678,0.0,0.0,0.0,-1244.1917,-16080.1929,593.0517,11782.5648,-2039.8768,1247.2844,-760.4429,-4065.196899999999,-1553.0353,-5618.232199999999
338,462.6192,1431.1741,-1086.685,0.0,0.0,0.0,-1257.2435,-16164.255,625.3805,11810.3273,-1973.3798,1240.4615,-752.1679,-4178.682399999998,-1485.0862000000002,-5663.768599999998
339,519.9796,1351.1906,-1105.3015,0.0,0.0,0.0,-1245.8261,-16090.4735,605.1283,11820.5316,-2072.2183,1235.8121,-753.2439,-4144.770999999999,-1589.6500999999998,-5734.4211
340,501.2631,1444.6209,-1105.0673,0.0,0.0,0.0,-1264.2771,-16045.5493,591.1259,11744.9288,-2046.2239,1239.0582,-752.4763,-4132.955000000004,-1559.642,-5692.597000000003
341,510.8652,1421.9573,-1110.4884,0.0,0.0,0.0,-1271.7737,-16002.1204,589.6963,11734.1038,-2058.5848,1237.5462,-755.7247,-4127.759900000001,-1576.7633,-5704.523200000001
342,541.4454,1462.8332,-1088.8344,0.0,0.0,0.0,-1286.2403,-15994.667,589.185,11730.4842,-2077.5079,1242.8476,-755.0082,-4045.7938999999988,-1589.6685,-5635.462399999999
343,540.2785,1401.9303,-1121.1531,0.0,0.0,0.0,-1224.8749,-16156.767,620.5816,11821.7895,-2013.857,1238.9495,-754.9755,-4118.215100000001,-1529.883,-5648.098100000001
344,522.9483,1410.5551,-1102.3772,0.0,0.0,0.0,-1278.9592,-16060.6961,623.3059,11833.4132,-2053.5337,1244.6384,-752.6014,-4051.8099999999995,-1561.4967,-5613.306699999999
345,484.8587,1436.6927,-1089.6976,0.0,0.0,0.0,-1281.7354,-16162.1353,617.1518,11785.7564,-1951.9307,1231.021,-753.0041,-4209.108699999999,-1473.9137999999998,-5683.022499999999
346,518.6862,1412.4275,-1086.0676,0.0,0.0,0.0,-1253.6585,-16132.1675,617.7261,11831.1331,-2066.9968,1240.0268,-763.9412,-4091.9207000000024,-1590.9111999999998,-5682.831900000002
347,469.2541,1426.329,-1084.1029,0.0,0.0,0.0,-1255.1512,-15944.53,608.1589,11793.7266,-2178.0861,1255.9642,-773.5721,-3986.3155000000006,-1695.694,-5682.009500000001
348,485.7012,1447.7059,-1065.1683,0.0,0.0,0.0,-1265.4447,-16140.131,632.3131,11870.8163,-2094.5935,1235.8357,-757.2825,-4034.2074999999986,-1616.0403,-5650.247799999998
349,549.2498,1404.6091,-1076.5604,0.0,0.0,0.0,-1271.3582,-16017.5058,590.6851,11812.7719,-2081.3314,1241.3923,-750.6517,-4008.1085000000003,-1590.5908,-5598.6993
350,508.7728,1476.5705,-1102.7263,0.0,0.0,0.0,-1264.1318,-15938.1079,607.0093,11777.3106,-2113.2272,1242.9516,-751.824,-3935.3028000000013,-1622.0995999999996,-5557.4024
351,517.2824,1445.5104,-1084.546,0.0,0.0,0.0,-1261.0998,-16031.0348,615.3218,11793.9045,-2072.3312,1240.8584,-753.69,-4004.6615,-1585.1628,-5589.8243
352,520.0858,1434.8702,-1116.9586,0.0,0.0,0.0,-1267.9927,-16030.2286,593.7407,11698.5003,-1974.6744,1242.0066,-744.6851,-4167.982900000001,-1477.3529000000003,-5645.335800000001
353,505.0255,1445.4671,-1071.3246,0.0,0.0,0.0,-1249.3864,-16012.7973,607.2812,11775.6367,-2094.7514,1241.312,-750.542,-4000.0978000000014,-1603.9814000000001,-5604.079200000002
354,502.4261,1376.4836,-1094.273,0.0,0.0,0.0,-1241.3264,-16033.6444,600.6811,11794.2734,-2101.3567,1248.9901,-757.3188,-4095.3796,-1609.6853999999998,-5705.0650000000005
355,504.5309,1494.6143,-1112.6243,0.0,0.0,0.0,-1236.5015,-16015.5567,598.0945,11773.0978,-2085.0806,1240.4662,-751.4715,-3994.345000000001,-1596.0858999999996,-5590.4309
356,484.2337,1467.8212,-1093.1519,0.0,0.0,0.0,-1246.899,-16175.7486,636.9818,11813.6389,-1986.1187,1229.353,-742.8895,-4113.123900000002,-1499.6552,-5612.7791000000025
357,542.151,1418.8476,-1079.0602,0.0,0.0,0.0,-1267.5856,-16080.467,592.8867,11789.3968,-1998.5543,1239.5827,-745.726,-4083.8307000000004,-1504.6976,-5588.5283
358,533.3477,1429.9654,-1092.5507,0.0,0.0,0.0,-1263.0436,-15921.1246,598.6008,11748.8557,-2125.6668,1241.8601,-741.6601,-3965.9492999999984,-1625.4668,-5591.416099999999
359,524.006,1418.5553,-1084.1372,0.0,0.0,0.0,-1263.8293,-16082.3635,614.3354,11831.7663,-2056.4983,1239.2472,-752.4917,-4041.6670000000013,-1569.7428000000002,-5611.409800000001
360,508.7214,1402.6232,-1108.47,0.0,0.0,0.0,-1275.9456,-16125.1427,621.1181,11826.2952,-2022.5297,1232.4007,-749.4349,-4150.8004,-1539.5639,-5690.3643
361,503.3778,1415.4444,-1086.2069,0.0,0.0,0.0,-1261.842,-16053.45,631.1715,11813.8331,-2053.2861,1239.3559,-753.6747,-4037.6721,-1567.6048999999998,-5605.276999999998
362,504.5111,1445.5577,-1118.7098,0.0,0.0,0.0,-1279.031,-16143.5576,615.9492,11818.6133,-1949.1309,1237.4422,-745.4636,-4156.667099999999,-1457.1523000000002,-5613.819399999999
363,493.8702,1427.5018,-1080.2846,0.0,0.0,0.0,-1265.3245,-16132.484,602.354,11748.8899,-1904.0111,1244.6101,-759.2597,-4205.477199999999,-1418.6607,-5624.137899999999
364,481.0694,1401.9755,-1100.2101,0.0,0.0,0.0,-1267.4639,-16058.9917,600.245,11816.1879,-2012.0398,1244.1943,-749.8739,-4127.187899999999,-1517.7194,-5644.907299999999
365,519.0461,1422.4027,-1096.4111,0.0,0.0,0.0,-1242.7868,-16065.3153,603.0269,11779.4276,-2072.6384,1238.529,-753.3438,-4080.6098999999977,-1587.4532,-5668.063099999997
366,504.1777,1445.5416,-1079.4381,0.0,0.0,0.0,-1243.8473,-16025.2085,598.9393,11716.7578,-2008.9629,1244.0856,-755.1828,-4083.0775000000012,-1520.0601,-5603.137600000002
367,498.7178,1390.0794,-1092.5678,0.0,0.0,0.0,-1254.9671,-16125.6477,615.7027,11861.2239,-2007.4709,1253.2568,-760.8333,-4107.4587999999985,-1515.0474,-5622.506199999999
368,501.547,1377.2252,-1106.9947,0.0,0.0,0.0,-1252.5632,-16059.4685,612.287,11765.1807,-1985.7795,1242.8996,-750.6016,-4162.786499999998,-1493.4815,-5656.267999999999
369,493.3058,1506.5092,-1067.0357,0.0,0.0,0.0,-1294.532,-16162.5091,586.4609,11758.3577,-1893.4516,1232.2305,-737.7514,-4179.4432,-1398.9725000000003,-5578.4157000000005
370,473.1093,1379.818,-1084.0533,0.0,0.0,0.0,-1298.1912,-16045.4827,625.0412,11798.7814,-2041.9328,1236.0436,-751.8791,-4150.977300000002,-1557.7683000000002,-5708.745600000003
371,527.766,1366.4553,-1063.8678,0.0,0.0,0.0,-1269.0944,-16212.1859,596.6377,11834.7168,-1929.0565,1237.6596,-753.1323,-4219.572300000002,-1444.5292,-5664.101500000002
372,503.3647,1388.7327,-1083.89,0.0,0.0,0.0,-1255.6917,-16199.8886,613.1933,11832.4177,-1932.3653,1239.5165,-747.5471,-4201.761900000001,-1440.3959,-5642.157800000001
373,537.0555,1446.7543,-1088.3245,0.0,0.0,0.0,-1267.3597,-16226.3079,610.4416,11832.041,-1944.1615,1238.1463,-746.7898,-4155.699700000001,-1452.8049999999998,-5608.504700000001
374,503.1985,1403.5585,-1084.4652,0.0,0.0,0.0,-1251.7356,-16163.6655,635.9007,11828.7857,-1986.7853,1244.1423,-760.208,-4128.4229,-1502.851,-5631.273899999999
375,495.6819,1449.9205,-1060.2551,0.0,0.0,0.0,-1242.1759,-16217.2179,606.3907,11823.3802,-1934.3475,1241.7042,-751.2314,-4144.275600000001,-1443.8747000000003,-5588.1503
376,475.5753,1391.0334,-1094.8667,0.0,0.0,0.0,-1280.1924,-16150.0167,607.0655,11840.5109,-1926.4051,1232.8023,-743.0527,-4210.890700000002,-1436.6554999999998,-5647.546200000002
377,495.654,1416.4635,-1100.7117,0.0,0.0,0.0,-1261.7211,-16097.3382,615.7551,11742.1419,-1984.9739,1239.4645,-756.0269,-4189.7564999999995,-1501.5362999999998,-5691.292799999999
378,493.1232,1433.232,-1073.0036,0.0,0.0,0.0,-1257.7405,-16049.2501,591.6322,11750.6719,-1987.8333,1240.4001,-745.6268,-4111.3349,-1493.06,-5604.3949
379,507.203,1429.8436,-1120.2371,0.0,0.0,0.0,-1260.25,-15998.2508,594.0058,11774.9324,-2065.3373,1249.5524,-761.8071,-4072.753099999998,-1577.592,-5650.345099999999
380,535.5701,1413.5098,-1068.7259,0.0,0.0,0.0,-1287.2469,-16056.8614,605.1349,11818.0884,-2044.9389,1238.7747,-750.1668,-4040.530999999999,-1556.3310000000001,-5596.861999999999
381,527.4279,1423.0418,-1108.4284,0.0,0.0,0.0,-1256.348,-16065.2821,608.2605,11765.9824,-2006.7821,1231.8715,-742.5368,-4105.3459,-1517.4474,-5622.7933
382,546.7133,1393.2806,-1122.9461,0.0,0.0,0.0,-1299.4845,-16044.0092,593.8322,11756.2688,-1983.4563,1238.2077,-748.1897,-4176.344899999998,-1493.4383000000003,-5669.783199999998
383,527.7695,1402.6889,-1097.1478,0.0,0.0,0.0,-1275.4944,-15980.1628,591.6529,11761.6104,-2031.5942,1241.2175,-747.3718,-4069.0833000000002,-1537.7485000000001,-5606.8318
384,518.2072,1413.3739,-1118.3976,0.0,0.0,0.0,-1258.1621,-16155.9297,615.8696,11773.8138,-1922.6287,1233.5063,-742.4407,-4211.224899999999,-1431.5630999999998,-5642.788
385,513.2195,1438.3879,-1110.4474,0.0,0.0,0.0,-1255.2547,-16016.5786,615.0682,11740.5605,-2022.4002,1246.982,-756.3624,-4075.044600000003,-1531.7806,-5606.825200000003
386,501.0001,1391.929,-1088.1257,0.0,0.0,0.0,-1254.7916,-16178.4437,613.6945,11785.9968,-1911.5154,1242.6823,-752.985,-4228.740599999999,-1421.8181,-5650.558699999999
387,494.0126,1400.9089,-1094.3346,0.0,0.0,0.0,-1286.8414,-16186.3456,624.1681,11760.1319,-1876.6513,1232.4952,-746.7327,-4288.300099999999,-1390.8888,-5679.188899999997
388,501.5196,1410.5705,-1128.294,0.0,0.0,0.0,-1264.8437,-16200.536,612.5113,11773.9507,-1888.4081,1238.5526,-748.7446,-4295.121599999999,-1398.6001,-5693.721699999999
389,518.7761,1398.8723,-1087.6083,0.0,0.0,0.0,-1271.0542,-16216.1597,606.4041,11807.6679,-1900.4104,1233.2937,-748.7448,-4243.1018,-1415.8615,-5658.9633
390,488.3207,1431.8589,-1098.783,0.0,0.0,0.0,-1261.7546,-16151.6857,610.9179,11789.2905,-1962.9803,1240.0646,-751.226,-4191.835299999999,-1474.1417000000001,-5665.976999999999
391,505.279,1393.9643,-1086.2875,0.0,0.0,0.0,-1275.0361,-16089.6791,595.1801,11743.968,-1982.423,1235.1837,-753.4184,-4212.611299999999,-1500.6577,-5713.268999999998
392,489.0644,1481.62,-1071.2948,0.0,0.0,0.0,-1269.3404,-16005.4371,622.1128,11720.0824,-2059.9495,1230.076,-740.3536,-4033.1926999999996,-1570.2271,-5603.419800000001
393,517.1633,1447.5395,-1089.5653,0.0,0.0,0.0,-1264.7084,-15987.9942,606.4993,11743.141,-2060.9817,1244.3077,-758.5971,-4027.9248000000007,-1575.2710999999997,-5603.195900000001
394,485.79,1429.4605,-1098.1144,0.0,0.0,0.0,-1245.7911,-16027.7744,605.9244,11741.1678,-2025.4386,1253.5545,-765.2124,-4109.337200000002,-1537.0965,-5646.433700000001
395,515.1679,1439.4081,-1071.9457,0.0,0.0,0.0,-1259.8872,-16218.609,601.3278,11767.6729,-1925.7695,1245.3991,-761.9415,-4226.865200000002,-1442.3119000000002,-5669.177100000002
396,511.096,1384.0273,-1081.3625,0.0,0.0,0.0,-1264.0538,-16057.9028,618.638,11825.4527,-2056.9477,1240.9198,-748.2978,-4064.1051000000007,-1564.3257000000003,-5628.430800000002
397,485.059,1407.164,-1103.3892,0.0,0.0,0.0,-1284.0531,-16038.6436,634.4166,11885.9001,-2132.17,1239.8425,-752.7437,-4013.546199999999,-1645.0712,-5658.617399999999
398,500.8536,1434.9473,-1096.1918,0.0,0.0,0.0,-1278.0853,-16034.9063,601.4095,11726.2051,-1995.381,1235.2829,-742.5232,-4145.767900000001,-1502.6213000000002,-5648.3892000000005
399,511.4576,1420.9357,-1100.3437,0.0,0.0,0.0,-1240.8447,-16061.4244,604.7182,11757.6652,-2020.9699,1239.181,-753.9335,-4107.8361,-1535.7224,-5643.5585
400,511.2062,1435.5229,-1091.0212,0.0,0.0,0.0,-1267.7749,-15966.5272,598.9034,11722.2362,-2055.216,1242.2901,-754.2684,-4057.454600000001,-1567.1943,-5624.648900000001

