GENERALIZED BORN:
Frame #,BOND,ANGLE,DIHED,UB,IMP,CMAP,VDWAALS,EEL,1-4 VDW,1-4 EEL,EGB,ESURF,ESCF,G gas,G solv,TOTAL
0,510.8974,1408.2729,-1094.4039,0.0,0.0,0.0,-1279.3315,-15998.9309,588.4638,11481.1318,-1844.7264,54.59011488,16.8141,-4383.9004,-1790.13628512,-6157.22258512
1,545.0134,1383.7418,-1104.5921,0.0,0.0,0.0,-1252.655,-15865.5576,583.3437,11429.5504,-1904.5402,56.41364232,3.7119,-4281.1554000000015,-1848.12655768,-6125.570057680001
2,530.3674,1446.4723,-1119.8779,0.0,0.0,0.0,-1232.6218,-15785.6048,599.6151,11503.9024,-2076.6267,59.26652855999999,-2.6192,-4057.7472999999973,-2017.3601714399997,-6077.7266714399975
3,499.0008,1374.3488,-1064.7388,0.0,0.0,0.0,-1264.4604,-15977.6797,603.1096,11555.6813,-1915.8016,59.180169600000006,-4.9033,-4274.738400000002,-1856.6214304,-6136.2631304000015
4,515.4288,1386.9629,-1053.4518,0.0,0.0,0.0,-1282.1524,-15919.8497,613.4148,11523.01,-1928.5983,55.99560744,-7.387,-4216.6374,-1872.6026925600002,-6096.627092559999
5,506.4821,1386.5467,-1069.068,0.0,0.0,0.0,-1324.975,-15849.3228,609.4812,11485.2493,-1977.8484,54.83974536,-6.4469,-4255.6065,-1923.00865464,-6185.06205464
6,556.6578,1329.586,-1086.5019,0.0,0.0,0.0,-1297.532,-15991.3209,609.0642,11538.4332,-1889.5665,56.414834639999995,-0.9887,-4341.613600000001,-1833.15166536,-6175.753965360001
7,486.5384,1417.3605,-1116.8316,0.0,0.0,0.0,-1284.895,-16016.4772,602.2918,11533.3888,-1872.7023,55.50374016,23.0084,-4378.6242999999995,-1817.19855984,-6172.8144598399995
8,502.9219,1387.1689,-1073.2524,0.0,0.0,0.0,-1280.7763,-15913.0204,583.9303,11452.2942,-1864.9678,56.34740952,-2.6101,-4340.7338,-1808.62039048,-6151.96429048
9,473.5161,1352.1901,-1088.7567,0.0,0.0,0.0,-1267.9414,-15887.3315,595.9805,11511.1847,-1969.039,58.2683688,4.9719,-4311.158200000002,-1910.7706312,-6216.956931200002
10,480.2262,1376.2265,-1089.0415,0.0,0.0,0.0,-1251.4341,-15832.0661,608.0221,11531.581,-2023.2702,58.13530127999999,4.0915,-4176.4859,-1965.13489872,-6137.529298719999
11,494.2157,1400.7993,-1089.835,0.0,0.0,0.0,-1277.6787,-15873.3107,601.1777,11564.1235,-2036.5789,59.380875360000005,6.1967,-4180.5082,-1977.1980246399999,-6151.509524640001
12,500.5908,1376.1814,-1089.628,0.0,0.0,0.0,-1305.8598,-15949.6632,593.2405,11512.4321,-1913.3149,56.7220392,14.4334,-4362.706200000002,-1856.5928608000002,-6204.865660800003
13,488.9479,1371.587,-1099.7936,0.0,0.0,0.0,-1271.5537,-15821.8337,614.1811,11504.2113,-2019.3422,57.86119008,5.0463,-4214.2536999999975,-1961.4810099200001,-6170.688409919998
14,484.3059,1461.1049,-1039.6009,0.0,0.0,0.0,-1317.4155,-15944.7802,615.014,11486.2666,-1872.2823,55.588644,15.7223,-4255.1052,-1816.6936560000001,-6056.076555999999
15,492.9801,1413.7591,-1068.256,0.0,0.0,0.0,-1277.8813,-15947.001,605.8852,11506.3029,-1906.5486,56.31084936,4.0001,-4274.2109999999975,-1850.23775064,-6120.448650639997
16,493.7559,1356.9307,-1056.8485,0.0,0.0,0.0,-1277.5162,-15959.7061,606.8212,11546.592,-1921.2073,56.68900704,11.3248,-4289.971,-1864.51829296,-6143.164492959999
17,509.0271,1449.0729,-1095.5156,0.0,0.0,0.0,-1272.8808,-15899.7043,613.6196,11446.3556,-1907.6703,56.98124928,-5.538,-4250.025499999998,-1850.68905072,-6106.252550719997
18,504.6305,1354.6693,-1089.7665,0.0,0.0,0.0,-1280.4537,-16003.5226,600.1479,11510.5739,-1853.221,57.73738608,3.3223,-4403.7212,-1795.48361392,-6195.88251392
19,515.1985,1396.9491,-1081.371,0.0,0.0,0.0,-1280.842,-16028.1476,587.5165,11538.1045,-1844.8169,55.21741056,2.9727,-4352.592000000001,-1789.59948944,-6139.21878944
20,487.7929,1458.4091,-1067.6023,0.0,0.0,0.0,-1288.6467,-15918.1102,596.1425,11514.0819,-1924.7819,57.06086904,13.0398,-4217.9328000000005,-1867.72103096,-6072.6140309600005
21,525.4885,1385.9381,-1086.6145,0.0,0.0,0.0,-1246.7819,-15982.73,578.1591,11527.1811,-1939.2236,58.18717512,-5.3987,-4299.359599999998,-1881.0364248800001,-6185.794724879998
22,519.6769,1421.4814,-1080.6315,0.0,0.0,0.0,-1264.5992,-15995.7599,590.955,11536.2006,-1885.8103,56.573092079999995,7.1751,-4272.676699999998,-1829.2372079200002,-6094.738807919998
23,520.1914,1454.1115,-1079.8567,0.0,0.0,0.0,-1295.4297,-16002.9726,613.5776,11505.8002,-1895.8844,56.94658128,14.2367,-4284.578299999999,-1838.93781872,-6109.279418719999
24,503.98,1433.0558,-1081.5172,0.0,0.0,0.0,-1280.9153,-15852.0457,602.4718,11543.3257,-2023.3651,57.52327752,-1.1194,-4131.644900000001,-1965.84182248,-6098.6061224800005
25,511.1129,1457.4874,-1075.8208,0.0,0.0,0.0,-1267.0001,-15961.5746,587.2614,11433.7831,-1867.1061,55.55713032,-1.0203,-4314.7507000000005,-1811.54896968,-6127.31996968
26,510.3533,1456.5271,-1075.4336,0.0,0.0,0.0,-1274.9005,-15716.48,586.9229,11522.4757,-2124.991,60.10884288,1.8542,-3990.535099999999,-2064.88215712,-6053.563057119999
27,475.7771,1416.0839,-1099.2436,0.0,0.0,0.0,-1272.8898,-15878.0255,589.4123,11507.1831,-1966.8094,56.99084616,15.4074,-4261.702499999999,-1909.81855384,-6156.11365384
28,475.3955,1424.1557,-1090.4022,0.0,0.0,0.0,-1274.8383,-15827.9989,597.0432,11486.3127,-2024.25,56.27588256,29.1926,-4210.3323,-1967.97411744,-6149.113817439999
29,486.3777,1398.6033,-1083.8752,0.0,0.0,0.0,-1266.1151,-15942.88,614.1366,11646.0065,-2041.0162,57.64738608,17.8284,-4147.7462,-1983.36881392,-6113.28661392
30,493.7561,1427.563,-1060.3926,0.0,0.0,0.0,-1256.419,-15838.9447,598.9026,11583.1668,-2074.7371,60.9317352,27.5757,-4052.3678,-2013.8053647999998,-6038.5974648
31,509.3413,1456.4778,-1056.0747,0.0,0.0,0.0,-1261.7709,-15846.4682,595.9747,11529.733,-2033.5626,59.603434560000004,-1.3052,-4072.7869999999984,-1973.9591654399999,-6048.051365439998
32,518.1968,1341.2976,-1087.5875,0.0,0.0,0.0,-1299.3764,-15962.9513,604.3496,11582.2292,-1958.7747,59.524998479999994,2.9679,-4303.842000000001,-1899.24970152,-6200.123801520001
33,511.877,1411.9161,-1093.9123,0.0,0.0,0.0,-1264.5172,-15925.0834,602.7269,11506.6399,-1957.8605,58.48616664,3.492,-4250.352999999999,-1899.37433336,-6146.235333359999
34,515.8115,1413.4672,-1064.1462,0.0,0.0,0.0,-1279.996,-15799.3656,616.2689,11562.105,-2085.162,58.73818104,17.3027,-4035.855199999998,-2026.4238189599998,-6044.976318959998
35,535.0496,1376.9227,-1058.4182,0.0,0.0,0.0,-1288.7619,-15848.4554,591.4863,11500.6513,-2012.7968,58.000878719999996,25.8683,-4191.525600000001,-1954.7959212800001,-6120.45322128
36,490.9632,1446.2729,-1084.6042,0.0,0.0,0.0,-1285.8379,-15947.5961,580.0705,11426.1842,-1873.3243,56.59265448,13.6415,-4374.547400000001,-1816.73164552,-6177.637545520001
37,541.3441,1425.1746,-1120.011,0.0,0.0,0.0,-1280.8711,-15875.6304,587.51,11523.1344,-2001.025,56.81981664,13.1031,-4199.349399999999,-1944.20518336,-6130.451483359999
38,508.0507,1400.1791,-1067.8981,0.0,0.0,0.0,-1296.3546,-15969.628,613.8763,11557.6992,-1975.3939,57.16593648,14.3758,-4254.0754000000015,-1918.22796352,-6157.927563520002
39,519.3164,1410.6477,-1076.6116,0.0,0.0,0.0,-1269.5957,-15860.7228,602.3715,11553.9924,-2059.7326,56.5152156,9.89,-4120.602100000002,-2003.2173844,-6113.929484400001
40,500.0767,1412.2457,-1116.9022,0.0,0.0,0.0,-1286.2143,-15973.8172,597.4129,11544.1531,-1939.1026,56.20357584,21.9662,-4323.045300000002,-1882.89902416,-6183.978124160002
41,531.3292,1401.6165,-1083.1736,0.0,0.0,0.0,-1284.009,-15977.4083,591.5039,11577.645,-1972.0524,57.68833104,15.7992,-4242.496299999999,-1914.36406896,-6141.061168959999
42,480.4839,1420.9275,-1108.6731,0.0,0.0,0.0,-1243.9444,-15882.7534,601.7216,11564.0925,-2066.031,60.11391024,14.0429,-4168.145399999998,-2005.91708976,-6160.019589759997
43,509.6945,1419.5786,-1072.9308,0.0,0.0,0.0,-1289.7928,-15952.9057,601.1027,11574.232,-1990.6714,57.99038544,16.8533,-4211.021499999999,-1932.68101456,-6126.849214559999
44,493.8572,1415.5727,-1050.0591,0.0,0.0,0.0,-1289.8034,-15833.6603,593.6176,11533.9254,-2034.643,57.49164432,8.2873,-4136.5499,-1977.15135568,-6105.41395568
45,499.6456,1378.5131,-1103.9809,0.0,0.0,0.0,-1234.3834,-15947.6878,624.4027,11581.8956,-2006.1215,59.380683839999996,9.2384,-4201.5951000000005,-1946.74081616,-6139.097516160001
46,520.2437,1437.8015,-1100.4046,0.0,0.0,0.0,-1274.0466,-15990.377,606.0413,11499.8289,-1893.8378,56.79293832,11.4585,-4300.912799999998,-1837.04486168,-6126.499161679999
47,516.5015,1383.896,-1063.5972,0.0,0.0,0.0,-1283.7577,-15918.2279,617.2734,11540.4124,-2002.7885,59.004213119999996,12.6659,-4207.4995,-1943.78428688,-6138.617886880001
48,523.6506,1379.7102,-1091.2299,0.0,0.0,0.0,-1239.1552,-15975.8221,596.5245,11576.1082,-1975.555,58.22665848,10.3197,-4230.213699999998,-1917.32834152,-6137.222341519999
49,513.1847,1434.0572,-1098.1738,0.0,0.0,0.0,-1255.3721,-15779.8562,606.1975,11472.4843,-2052.4652,59.78149560000001,14.8707,-4107.4784,-1992.6837044000001,-6085.2914044
50,519.5145,1377.6573,-1077.3289,0.0,0.0,0.0,-1275.3236,-15935.2911,603.0445,11585.7201,-2034.8676,59.0423184,19.4825,-4202.007199999998,-1975.8252816,-6158.349981599998
51,499.791,1412.4082,-1060.1991,0.0,0.0,0.0,-1285.9831,-15977.438,584.2374,11554.8242,-1947.5571,56.96528616,9.3693,-4272.359399999999,-1890.59181384,-6153.581913839999
52,484.3192,1383.0858,-1094.3267,0.0,0.0,0.0,-1251.6388,-16057.982,619.1164,11557.0828,-1890.0105,57.11457096,7.1797,-4360.343299999999,-1832.89592904,-6186.05952904
53,500.0227,1395.1519,-1084.8696,0.0,0.0,0.0,-1259.2595,-15830.1458,587.1494,11538.0814,-2062.4835,59.36029416,12.292,-4153.869500000001,-2003.1232058399999,-6144.70070584
54,510.8802,1427.2221,-1091.9493,0.0,0.0,0.0,-1288.1082,-15991.0099,606.7944,11563.6367,-1946.2851,58.45522032,12.4253,-4262.533999999998,-1887.82987968,-6137.938579679998
55,482.6074,1378.1999,-1091.415,0.0,0.0,0.0,-1289.9746,-15866.0014,599.9094,11468.2409,-1965.9881,57.70552176,3.2676,-4318.433399999998,-1908.28257824,-6223.448378239998
56,441.9295,1414.4713,-1088.0623,0.0,0.0,0.0,-1303.7852,-15886.6392,617.3805,11588.7092,-2010.5263,57.4776216,12.1774,-4215.9962,-1953.0486784,-6156.8674783999995
57,495.4936,1412.155,-1109.6277,0.0,0.0,0.0,-1267.0781,-15732.6019,600.0571,11475.0999,-2091.9328,58.99144032,0.465,-4126.5021,-2032.94135968,-6158.97845968
58,522.5614,1367.879,-1090.3241,0.0,0.0,0.0,-1258.6709,-15872.8148,615.7362,11580.4559,-2067.7492,59.79961296,15.2179,-4135.177299999999,-2007.94958704,-6127.90898704
59,511.3882,1438.3204,-1070.8828,0.0,0.0,0.0,-1262.1708,-15894.1084,600.7739,11555.0258,-2043.8924,58.66269696,11.0678,-4121.653699999999,-1985.22970304,-6095.815603039999
60,534.2669,1375.2471,-1097.9463,0.0,0.0,0.0,-1239.1443,-15825.3747,597.3219,11571.4552,-2105.8526,60.39593927999999,10.1671,-4084.1741999999995,-2045.4566607200002,-6119.46376072
61,485.1774,1395.0542,-1065.4579,0.0,0.0,0.0,-1291.3596,-15902.0266,612.1834,11521.9638,-2008.8836,58.7345544,11.2281,-4244.4653,-1950.1490456,-6183.3862456
62,494.2819,1435.7,-1078.3477,0.0,0.0,0.0,-1275.2932,-15870.3589,603.8303,11568.1177,-2070.1548,60.51513744,17.8036,-4122.069899999999,-2009.6396625599998,-6113.905962559998
63,521.8281,1410.0313,-1080.0727,0.0,0.0,0.0,-1252.061,-15808.9955,617.9633,11507.573,-2083.9094,59.55113591999999,21.4942,-4083.7335000000003,-2024.35826408,-6086.597564080001
64,521.1852,1441.0215,-1102.2945,0.0,0.0,0.0,-1284.972,-16019.7731,594.4596,11485.4515,-1851.8454,56.75818392,12.6657,-4364.921800000002,-1795.08721608,-6147.343316080002
65,522.1184,1420.1656,-1096.1609,0.0,0.0,0.0,-1285.7809,-16021.0573,614.9998,11506.5439,-1877.5783,56.09516976,14.8784,-4339.171400000001,-1821.4831302399998,-6145.776130240001
66,534.319,1398.1421,-1088.9662,0.0,0.0,0.0,-1275.6597,-15854.5931,607.8762,11544.8919,-2037.4241,58.29042888,10.7526,-4133.989799999999,-1979.13367112,-6102.37087112
67,489.9374,1367.1877,-1100.141,0.0,0.0,0.0,-1235.5858,-15977.1988,619.8958,11525.7076,-1946.4072,60.683521680000005,17.6066,-4310.197100000001,-1885.72367832,-6178.314178320001
68,508.8554,1379.0951,-1096.9772,0.0,0.0,0.0,-1253.2036,-15783.3578,610.7415,11535.8975,-2086.2633,61.87232016,11.4012,-4098.949100000002,-2024.39097984,-6111.938879840002
69,489.7204,1459.0471,-1103.7156,0.0,0.0,0.0,-1282.2496,-15864.4714,593.6938,11522.2224,-2005.7888,58.73742288,7.9225,-4185.752900000001,-1947.05137712,-6124.881777120002
70,505.1063,1362.8474,-1096.9644,0.0,0.0,0.0,-1277.7316,-16065.799,598.2877,11597.8952,-1887.5604,56.843535599999996,11.8263,-4376.358399999999,-1830.7168644,-6195.2489644
71,501.9038,1416.4257,-1130.6719,0.0,0.0,0.0,-1285.4354,-15826.4544,604.8437,11558.7195,-2075.7177,58.61741688,9.6622,-4160.669000000002,-2017.10028312,-6168.107083120002
72,511.4562,1432.2429,-1102.3996,0.0,0.0,0.0,-1256.6881,-16019.6002,617.4687,11552.4476,-1923.0044,59.59527696000001,3.8755,-4265.0725,-1863.40912304,-6124.60612304
73,492.9637,1415.4228,-1088.3343,0.0,0.0,0.0,-1269.6075,-15957.907,587.062,11540.1407,-1941.025,57.038107679999996,16.4222,-4280.259599999999,-1883.9868923200002,-6147.824292319999
74,521.1541,1386.5169,-1084.136,0.0,0.0,0.0,-1243.4909,-15955.0095,606.9363,11556.149,-1999.81,60.47531351999999,20.536,-4211.880100000002,-1939.3346864799998,-6130.678786480002
75,496.5624,1415.968,-1096.2056,0.0,0.0,0.0,-1279.9797,-15914.2407,607.0266,11554.4521,-1997.1114,58.97302488,10.0372,-4216.4169,-1938.13837512,-6144.5180751200005
76,508.2656,1447.3922,-1052.9912,0.0,0.0,0.0,-1289.4699,-15857.79,593.1197,11575.8876,-2052.1463,58.42795752,3.3505,-4075.586000000001,-1993.7183424799998,-6065.953842480002
77,495.3307,1485.9828,-1099.4122,0.0,0.0,0.0,-1284.7802,-15965.9143,616.0316,11541.0082,-1948.1761,57.14838648,13.4917,-4211.7534,-1891.02771352,-6089.2894135199995
78,472.6298,1412.749,-1101.6341,0.0,0.0,0.0,-1289.4529,-15849.2938,610.7712,11515.8847,-2015.4985,57.51035208,9.8228,-4228.346100000001,-1957.9881479199998,-6176.51144792
79,455.7187,1417.4594,-1072.4099,0.0,0.0,0.0,-1277.0125,-15897.9824,604.1556,11525.258,-2002.6101,57.55455215999999,12.3877,-4244.813100000001,-1945.0555478400001,-6177.480947840001
80,470.9508,1467.335,-1124.2545,0.0,0.0,0.0,-1309.5973,-15761.2091,620.4137,11449.7906,-2040.8861,58.38511104,9.9346,-4186.5707999999995,-1982.5009889599999,-6159.13718896
81,503.3324,1421.1114,-1097.9783,0.0,0.0,0.0,-1270.2354,-15940.7564,594.4504,11550.0451,-2004.0634,58.40133984,11.3125,-4240.030800000002,-1945.66206016,-6174.380360160002
82,523.7349,1413.1879,-1099.6021,0.0,0.0,0.0,-1286.3212,-16041.7603,596.9047,11537.2536,-1839.9988,56.827610639999996,18.1471,-4356.602500000001,-1783.17118936,-6121.626589360001
83,491.9008,1442.418,-1102.0951,0.0,0.0,0.0,-1298.4734,-15951.9135,621.5015,11537.9786,-1960.4016,55.67816808,16.1322,-4258.683099999998,-1904.72343192,-6147.274331919998
84,494.1007,1419.8027,-1092.0137,0.0,0.0,0.0,-1290.0404,-16010.2826,609.6644,11543.1503,-1903.5889,55.59726672,19.0809,-4325.618600000002,-1847.9916332799999,-6154.529333280001
85,493.0502,1417.2951,-1120.6492,0.0,0.0,0.0,-1269.3536,-16068.6062,623.024,11591.0,-1899.9672,56.84454216,11.3653,-4334.2397,-1843.12265784,-6165.99705784
86,498.8948,1446.5304,-1117.0723,0.0,0.0,0.0,-1259.3015,-15995.2502,595.4759,11479.6567,-1872.0183,56.943396,3.5361,-4351.066200000003,-1815.074904,-6162.605004000003
87,522.1779,1411.1571,-1080.8325,0.0,0.0,0.0,-1266.4828,-15959.1253,615.5698,11569.616,-1984.1071,57.92322384,0.802,-4187.9198,-1926.18387616,-6113.30167616
88,509.4829,1409.5512,-1095.4557,0.0,0.0,0.0,-1277.6468,-15804.2627,593.7921,11578.0117,-2097.7859,59.02118136,4.3577,-4086.5272999999997,-2038.76471864,-6120.93431864
89,502.0287,1428.3187,-1092.6745,0.0,0.0,0.0,-1255.1993,-16057.5999,620.0392,11606.4902,-1891.5937,57.92909688,16.7574,-4248.5969000000005,-1833.6646031199998,-6065.50410312
90,506.0344,1372.458,-1113.2654,0.0,0.0,0.0,-1285.3427,-16079.21,614.5209,11554.5347,-1844.4438,59.012169840000006,21.2167,-4430.270099999998,-1785.43163016,-6194.485030159998
91,524.025,1416.2759,-1120.5952,0.0,0.0,0.0,-1276.7737,-15956.9865,586.5026,11510.3431,-1935.4818,57.05019216,15.911,-4317.208800000002,-1878.43160784,-6179.729407840002
92,499.444,1396.1606,-1084.4351,0.0,0.0,0.0,-1266.0987,-15994.1253,616.7765,11545.9928,-1883.9276,57.837965759999996,12.2569,-4286.285199999998,-1826.08963424,-6100.117934239998
93,492.7571,1417.0648,-1088.8918,0.0,0.0,0.0,-1276.224,-15999.7016,597.0998,11531.6179,-1886.5459,58.810143599999996,11.2187,-4326.277800000002,-1827.7357564000001,-6142.794856400002
94,513.836,1431.0352,-1096.2979,0.0,0.0,0.0,-1268.8014,-16014.2684,600.1718,11532.9712,-1877.4031,56.71965024,6.0581,-4301.353500000001,-1820.68344976,-6115.97884976
95,520.495,1416.5139,-1077.2688,0.0,0.0,0.0,-1274.9591,-16018.9259,613.1641,11604.251,-1931.7458,55.12988808,16.8556,-4216.729799999999,-1876.61591192,-6076.490111919999
96,566.9472,1393.2144,-1067.7535,0.0,0.0,0.0,-1276.8592,-16062.9047,599.1694,11579.935,-1898.9173,58.16781864,10.7869,-4268.251399999997,-1840.7494813600001,-6098.213981359997
97,486.6959,1393.6211,-1076.0133,0.0,0.0,0.0,-1247.9087,-16005.5813,614.6323,11572.1821,-1922.6975,59.495958720000004,0.9263,-4262.371900000002,-1863.20154128,-6124.647141280002
98,468.3345,1419.8024,-1089.8852,0.0,0.0,0.0,-1256.0667,-15817.3307,599.4446,11525.0422,-2062.784,59.51900664,9.9126,-4150.6589,-2003.26499336,-6144.01129336
99,488.1281,1477.8342,-1097.2248,0.0,0.0,0.0,-1284.4125,-15870.1842,588.4112,11535.7886,-2041.3016,57.436652159999994,23.8871,-4161.659399999999,-1983.86494784,-6121.637247839999
100,511.8302,1445.6051,-1089.0001,0.0,0.0,0.0,-1242.1947,-15967.9576,595.7568,11548.9272,-1964.7383,60.89386535999999,2.4683,-4197.033100000001,-1903.84443464,-6098.40923464
101,507.9455,1391.8919,-1097.5296,0.0,0.0,0.0,-1226.2514,-16118.6998,599.8122,11616.1231,-1908.1504,59.44170312,11.1028,-4326.7081,-1848.70869688,-6164.313996880001
102,500.9939,1418.0748,-1089.3608,0.0,0.0,0.0,-1238.0894,-16027.1994,589.5961,11569.1123,-1926.0594,59.096022479999995,11.6327,-4276.8724999999995,-1866.96337752,-6132.203177519999
103,484.7851,1406.9537,-1119.9757,0.0,0.0,0.0,-1263.387,-15976.4647,606.4937,11554.4409,-1954.4899,59.96345039999999,10.1947,-4307.154,-1894.5264496,-6191.485749600001
104,508.3755,1358.5249,-1083.5039,0.0,0.0,0.0,-1274.8356,-15966.6454,623.9263,11637.3824,-2027.2966,58.17104496,12.8592,-4196.775800000001,-1969.1255550399999,-6153.0421550400015
105,503.3491,1399.5045,-1074.2043,0.0,0.0,0.0,-1275.3022,-15772.0973,610.6898,11619.7493,-2175.6721,59.7851964,14.6077,-3988.311100000001,-2115.8869035999996,-6089.590303600001
106,466.6071,1395.5863,-1087.3846,0.0,0.0,0.0,-1252.5533,-15957.2035,596.672,11582.8959,-1987.8692,59.031019439999994,5.7991,-4255.3801,-1928.8381805600002,-6178.41918056
107,524.5141,1402.4776,-1084.6995,0.0,0.0,0.0,-1269.9508,-15892.7737,608.995,11561.1213,-2000.5754,57.12455592,12.0228,-4150.315999999999,-1943.45084408,-6081.744044079999
108,498.8262,1410.3149,-1105.1681,0.0,0.0,0.0,-1239.2541,-15919.0658,608.2339,11546.0869,-2012.2044,58.373046,14.5093,-4200.026100000001,-1953.8313540000001,-6139.348154000002
109,512.0836,1438.856,-1123.1147,0.0,0.0,0.0,-1234.3303,-15977.269,601.7765,11524.0514,-1958.0741,57.61751328,8.676,-4257.9465,-1900.4565867200001,-6149.7270867199995
110,477.8624,1425.6397,-1083.1025,0.0,0.0,0.0,-1306.6751,-15791.3677,614.233,11592.16,-2136.1315,59.90224464,14.0753,-4071.2502000000004,-2076.22925536,-6133.404155359999
111,494.7436,1472.9899,-1093.6735,0.0,0.0,0.0,-1265.4515,-15867.4804,596.9398,11514.1731,-2007.5296,58.93605288,11.0073,-4147.759,-1948.59354712,-6085.34524712
112,490.9493,1456.041,-1083.9365,0.0,0.0,0.0,-1273.375,-15877.3652,604.785,11527.9924,-1967.4682,58.57973352,6.1688,-4154.9090000000015,-1908.88846648,-6057.628666480001
113,504.4912,1411.2364,-1072.8656,0.0,0.0,0.0,-1255.5965,-15821.7421,591.4117,11492.3136,-2022.2847,61.67531664,5.9897,-4150.7513,-1960.60938336,-6105.37098336
114,492.7091,1430.2258,-1115.6872,0.0,0.0,0.0,-1250.9975,-15791.229,601.9348,11477.3,-2061.3414,59.045413679999996,6.9884,-4155.743999999999,-2002.2959863199999,-6151.051586319998
115,503.637,1402.8006,-1082.9197,0.0,0.0,0.0,-1263.4949,-15802.96,612.1501,11527.6905,-2067.6462,58.89001752,9.8722,-4103.096399999997,-2008.7561824800002,-6101.980382479997
116,503.2172,1390.7556,-1073.4033,0.0,0.0,0.0,-1239.3575,-15818.7407,611.7122,11570.2611,-2125.4346,59.86145592,5.8052,-4055.555400000001,-2065.57314408,-6115.323344080002
117,489.8219,1473.5921,-1095.1249,0.0,0.0,0.0,-1279.5731,-15799.7514,595.1826,11514.1086,-2039.2048,58.11003648,10.0227,-4101.744199999999,-1981.09476352,-6072.816263519998
118,534.4844,1441.6482,-1123.2973,0.0,0.0,0.0,-1227.5425,-15795.6089,592.0849,11521.8923,-2072.3195,62.07766199999999,9.2693,-4056.3389000000006,-2010.2418380000001,-6057.311438000001
119,483.1195,1406.6897,-1083.7218,0.0,0.0,0.0,-1246.0872,-15943.0133,599.112,11551.2968,-2004.4356,58.95346176,17.8737,-4232.604300000001,-1945.48213824,-6160.21273824
120,501.0708,1353.3427,-1100.579,0.0,0.0,0.0,-1246.0647,-15968.5372,616.7842,11568.3521,-1953.9686,58.41540216,12.6327,-4275.6311000000005,-1895.55319784,-6158.551597840001
121,495.7278,1416.5071,-1140.4926,0.0,0.0,0.0,-1245.4318,-15937.9067,595.8311,11540.2864,-1966.2862,59.4105948,6.0322,-4275.4787,-1906.8756052,-6176.322105200001
122,497.6563,1396.5636,-1106.5188,0.0,0.0,0.0,-1294.4035,-15935.8428,598.6182,11497.8814,-1889.3439,57.23252136,15.4404,-4346.0455999999995,-1832.11137864,-6162.716578639999
123,501.8056,1421.8861,-1101.6254,0.0,0.0,0.0,-1246.0142,-15977.6471,579.4232,11549.7952,-1940.5276,60.83193959999999,-1.3992,-4272.376600000001,-1879.6956604,-6153.471460400001
124,508.87,1420.7997,-1136.7896,0.0,0.0,0.0,-1292.1302,-15977.7405,613.6462,11552.6276,-1943.8816,58.2805692,11.643,-4310.716800000002,-1885.6010308,-6184.6748308000015
125,518.1369,1398.518,-1075.309,0.0,0.0,0.0,-1281.2265,-15870.7621,606.5274,11562.332,-2036.8624,57.35482272,14.7941,-4141.783300000001,-1979.50757728,-6106.496777280001
126,515.7488,1382.9423,-1100.0802,0.0,0.0,0.0,-1260.5022,-15919.8862,603.5046,11566.0763,-2010.8693,58.81873968,13.1554,-4212.196599999999,-1952.0505603200002,-6151.09176032
127,521.6253,1443.4252,-1101.4853,0.0,0.0,0.0,-1256.2266,-15714.8341,597.3472,11510.9767,-2190.0166,61.932274559999996,14.0285,-3999.1716000000015,-2128.0843254399997,-6113.227425440001
128,479.1538,1436.0986,-1094.9286,0.0,0.0,0.0,-1282.8178,-15919.6735,603.028,11599.8776,-2038.9116,57.570392160000004,13.901,-4179.261900000001,-1981.34120784,-6146.702107840001
129,524.2,1418.7706,-1093.4376,0.0,0.0,0.0,-1283.0467,-15785.8261,614.3322,11493.4353,-2076.7417,59.54774327999999,1.4404,-4111.5723,-2017.19395672,-6127.32585672
130,540.2344,1366.4669,-1085.546,0.0,0.0,0.0,-1257.8581,-15802.6662,582.6996,11578.4345,-2092.5997,58.21112736,8.3064,-4078.2348999999995,-2034.3885726400001,-6104.317072639999
131,531.7215,1418.1814,-1089.5003,0.0,0.0,0.0,-1273.4387,-15892.0274,601.9749,11566.4025,-2036.9505,56.352129119999994,11.4523,-4136.686100000001,-1980.59837088,-6105.83217088
132,504.3707,1429.3862,-1081.2425,0.0,0.0,0.0,-1253.535,-15907.1037,596.3002,11531.2218,-2001.4321,60.683056560000004,13.2063,-4180.6023000000005,-1940.74904344,-6108.14504344
133,543.1847,1353.26,-1097.3018,0.0,0.0,0.0,-1279.9929,-15945.5781,597.7564,11575.9414,-1975.0272,58.21420824,9.7641,-4252.730300000001,-1916.81299176,-6159.779191760002
134,497.9234,1446.4353,-1100.3155,0.0,0.0,0.0,-1271.6748,-15778.4569,608.9664,11503.0299,-2069.3556,58.24100232,13.2639,-4094.092199999999,-2011.1145976799999,-6091.942897679999
135,501.5594,1487.0341,-1091.436,0.0,0.0,0.0,-1249.2158,-15888.5634,595.2139,11560.5126,-2040.6869,58.7009304,9.3608,-4084.895199999999,-1981.9859695999999,-6057.520369599998
136,496.3406,1467.5158,-1085.0655,0.0,0.0,0.0,-1268.2251,-15831.2893,603.5563,11544.2889,-2076.6702,58.619224079999995,11.5196,-4072.8783000000003,-2018.05097592,-6079.409675920001
137,504.1408,1410.1621,-1080.9917,0.0,0.0,0.0,-1278.7387,-15731.6509,614.6142,11557.7801,-2161.8082,58.84838352,5.7705,-4004.6841000000004,-2102.95981648,-6101.87341648
138,525.0119,1448.7484,-1078.8785,0.0,0.0,0.0,-1281.9364,-15870.6515,575.5403,11548.4892,-2065.3603,59.6953368,8.4607,-4133.676599999999,-2005.6649631999999,-6130.880863199999
139,487.1372,1385.7519,-1098.874,0.0,0.0,0.0,-1280.7581,-15858.9194,614.97,11537.5111,-2022.6552,59.31976248,13.8725,-4213.181300000002,-1963.33543752,-6162.644237520002
140,480.324,1396.9468,-1090.3245,0.0,0.0,0.0,-1236.7544,-15898.1018,612.9327,11578.4448,-2086.6678,59.60548007999999,12.0888,-4156.532400000002,-2027.0623199200002,-6171.505919920001
141,473.6891,1426.3088,-1089.1225,0.0,0.0,0.0,-1254.0609,-15929.1855,612.9526,11535.827,-1970.5778,59.08450176,9.2216,-4223.591399999999,-1911.49329824,-6125.863098239999
142,486.2919,1434.9179,-1094.7471,0.0,0.0,0.0,-1270.0912,-15959.8347,621.006,11553.0896,-1959.4464,58.7997972,-9.8451,-4229.3676,-1900.6466028,-6139.859302799999
143,539.238,1418.5474,-1092.4752,0.0,0.0,0.0,-1302.1751,-15937.0972,597.2234,11544.35,-1985.2559,57.6859644,19.3809,-4232.3886999999995,-1927.5699356,-6140.5777356
144,553.2457,1460.3414,-1055.9248,0.0,0.0,0.0,-1292.7725,-15850.6503,571.1409,11495.5641,-1993.8804,57.29366808,9.2177,-4119.055499999999,-1936.58673192,-6046.424531919998
145,498.0278,1377.7028,-1068.6585,0.0,0.0,0.0,-1257.0379,-15792.9593,604.7617,11531.9821,-2093.7495,59.02950239999999,8.6275,-4106.181300000002,-2034.7199976,-6132.273797600003
146,501.3518,1430.1547,-1098.9478,0.0,0.0,0.0,-1281.3317,-15939.3411,583.6244,11539.8821,-1968.3543,57.66317856,13.9523,-4264.607599999998,-1910.69112144,-6161.346421439997
147,497.2964,1411.4714,-1090.9083,0.0,0.0,0.0,-1256.4692,-15815.6287,589.2546,11566.1586,-2110.6388,60.089169600000005,4.9061,-4098.825199999999,-2050.5496304000003,-6144.4687304
148,497.8176,1393.6988,-1087.2438,0.0,0.0,0.0,-1259.6075,-15919.3759,615.318,11557.1656,-2016.6266,58.788033840000004,10.9328,-4202.227199999999,-1957.83856616,-6149.132966159999
149,526.0371,1438.8273,-1092.2383,0.0,0.0,0.0,-1274.2108,-15862.5819,585.6869,11520.657,-2045.3013,56.842667999999996,9.687,-4157.822699999999,-1988.458632,-6136.594331999999
150,484.8298,1388.6795,-1081.3213,0.0,0.0,0.0,-1266.7146,-15832.9701,614.0375,11553.1801,-2070.5065,59.685995520000006,3.6549,-4140.2791,-2010.82050448,-6147.444704479999
151,488.9696,1433.4314,-1111.061,0.0,0.0,0.0,-1261.9099,-15863.0326,609.7861,11571.5098,-2078.3903,58.82690232,9.2414,-4132.306600000002,-2019.56339768,-6142.628597680002
152,495.7369,1413.1547,-1113.0536,0.0,0.0,0.0,-1270.2529,-15689.6217,605.2787,11593.8336,-2249.836,59.497530479999995,9.328,-3964.9242999999988,-2190.3384695199998,-6145.934769519998
153,490.0881,1420.3522,-1083.2097,0.0,0.0,0.0,-1271.446,-15962.2193,607.5145,11597.1304,-1991.597,59.49952056,10.3166,-4201.789800000002,-1932.09747944,-6123.570679440002
154,496.0548,1395.7442,-1096.018,0.0,0.0,0.0,-1235.8776,-15858.2767,599.9392,11592.2897,-2100.3605,59.91910056,20.5635,-4106.144400000001,-2040.4413994399997,-6126.022299440001
155,473.3484,1411.5637,-1099.3333,0.0,0.0,0.0,-1235.244,-15880.9068,633.357,11596.3528,-2056.1578,60.17417712,5.8507,-4100.8622,-1995.98362288,-6090.995122879999
156,492.6147,1402.6601,-1078.116,0.0,0.0,0.0,-1242.9952,-15928.5937,610.9504,11600.5085,-2021.8339,60.494492879999996,3.7731,-4142.9712,-1961.33940712,-6100.53750712
157,503.8588,1387.7497,-1103.5433,0.0,0.0,0.0,-1247.0461,-15838.6318,631.0358,11583.4282,-2129.893,59.88641112,17.1293,-4083.1486999999997,-2070.00658888,-6136.02598888
158,494.7975,1387.0352,-1078.0691,0.0,0.0,0.0,-1261.073,-15934.2767,614.2852,11600.7888,-2020.5699,59.45011056,15.306,-4176.5121,-1961.11978944,-6122.3258894400005
159,547.6906,1398.0755,-1115.2862,0.0,0.0,0.0,-1278.9538,-15834.7957,591.4088,11588.9572,-2094.4692,58.11025536,12.136,-4102.9036000000015,-2036.3589446400001,-6127.12654464
160,545.737,1424.4277,-1070.8414,0.0,0.0,0.0,-1289.2163,-15710.0109,611.818,11516.4223,-2165.3648,58.94522208,20.1296,-3971.6636,-2106.41957792,-6057.953577919999
161,502.7813,1448.0254,-1072.3475,0.0,0.0,0.0,-1259.052,-15769.2991,596.8367,11507.3758,-2078.9167,59.471545680000006,13.8103,-4045.679400000001,-2019.4451543200003,-6051.31425432
162,501.7939,1409.4864,-1089.3439,0.0,0.0,0.0,-1254.0255,-15752.4386,602.0153,11580.3833,-2191.9792,60.21950544,19.3256,-4002.1291,-2131.7596945600003,-6114.56319456
163,539.5388,1404.8067,-1103.4742,0.0,0.0,0.0,-1277.2494,-15825.6562,598.7284,11576.8345,-2101.0448,58.53309768,6.477,-4086.4713999999985,-2042.51170232,-6122.506102319999
164,493.4377,1398.9159,-1103.6294,0.0,0.0,0.0,-1246.7433,-15919.825,598.8498,11558.2845,-2037.8925,60.93613656,19.2668,-4220.7098000000005,-1976.95636344,-6178.39936344
165,490.6554,1404.7334,-1104.9913,0.0,0.0,0.0,-1247.2466,-15730.1883,607.5312,11541.5889,-2179.8842,60.922216080000005,13.0465,-4037.917299999999,-2118.96198392,-6143.832783919999
166,509.3136,1416.5006,-1077.9241,0.0,0.0,0.0,-1280.0005,-15866.1516,603.8085,11529.5971,-2035.672,59.822239679999996,13.5399,-4164.856399999999,-1975.84976032,-6127.166260319999
167,479.5182,1425.0561,-1080.2108,0.0,0.0,0.0,-1271.2769,-15790.5415,609.61,11577.4477,-2154.7318,57.31739784,17.9494,-4050.3971999999976,-2097.41440216,-6129.862202159997
168,523.2413,1357.5124,-1077.9838,0.0,0.0,0.0,-1270.3029,-15818.7399,607.8491,11515.2421,-2039.6484,57.50076744,23.8528,-4163.181700000001,-1982.1476325600001,-6121.476532560001
169,532.3657,1424.9474,-1091.0809,0.0,0.0,0.0,-1259.5125,-15963.3691,611.8062,11528.267,-1963.5172,59.30623152,11.2407,-4216.5761999999995,-1904.21096848,-6109.546468479999
170,488.1297,1384.4238,-1104.9372,0.0,0.0,0.0,-1243.2181,-15826.6267,626.0987,11565.4039,-2110.8066,59.38965288000001,7.3638,-4110.725900000001,-2051.41694712,-6154.779047120001
171,481.2773,1410.7182,-1062.3744,0.0,0.0,0.0,-1272.1832,-15754.7935,599.784,11570.2098,-2173.8405,59.5196208,14.1593,-4027.3617999999988,-2114.3208791999996,-6127.523379199999
172,537.1621,1404.5803,-1070.7443,0.0,0.0,0.0,-1280.7313,-15827.505,608.3498,11573.6219,-2103.6857,58.45533912,11.9964,-4055.2664999999997,-2045.23036088,-6088.50046088
173,501.4706,1435.9564,-1117.057,0.0,0.0,0.0,-1248.2426,-15930.7829,607.9926,11561.7569,-2036.6435,59.513171039999996,13.1607,-4188.906000000001,-1977.1303289599998,-6152.8756289600005
174,478.8927,1397.3175,-1144.6621,0.0,0.0,0.0,-1246.6242,-15987.8007,616.816,11577.2005,-1947.0966,57.82595544,8.751,-4308.860299999997,-1889.2706445600002,-6189.379944559996
175,519.2406,1389.4328,-1090.0576,0.0,0.0,0.0,-1300.3455,-15848.8784,603.223,11576.5263,-2050.9505,57.370988159999996,13.9445,-4150.8588,-1993.57951184,-6130.4938118400005
176,497.2429,1416.8932,-1054.653,0.0,0.0,0.0,-1272.8877,-15957.7452,591.6746,11554.0214,-1977.5358,57.89306448,11.9086,-4225.453799999999,-1919.64273552,-6133.187935519999
177,500.5558,1425.5742,-1050.8443,0.0,0.0,0.0,-1294.7274,-15933.2361,600.8227,11613.106,-2042.6101,58.60933704,18.4382,-4138.749099999999,-1984.0007629600002,-6104.311662959999
178,486.2501,1370.2467,-1074.0971,0.0,0.0,0.0,-1263.9891,-15913.968,601.9984,11596.6803,-2060.0906,58.74624935999999,12.0947,-4196.878700000001,-2001.34435064,-6186.128350640001
179,505.4007,1449.7998,-1073.5282,0.0,0.0,0.0,-1252.1914,-15890.5188,593.7818,11555.65,-2039.2006,58.48378776,11.298,-4111.606099999999,-1980.7168122399999,-6081.024912239999
180,500.5403,1441.8588,-1084.2218,0.0,0.0,0.0,-1264.5242,-15837.1316,592.2869,11529.0618,-2041.4612,57.99392568,12.7097,-4122.129800000002,-1983.46727432,-6092.887374320002
181,512.8207,1384.4862,-1082.7838,0.0,0.0,0.0,-1260.2269,-15846.9324,607.9481,11557.9942,-2076.5654,58.784047199999996,6.5058,-4126.6939,-2017.7813528,-6137.9694528
182,534.3595,1407.1418,-1078.3796,0.0,0.0,0.0,-1236.1351,-15913.7871,595.3164,11580.8113,-2014.4121,59.35716504,0.6474,-4110.6728,-1955.05493496,-6065.08033496
183,528.7347,1455.0707,-1092.0679,0.0,0.0,0.0,-1272.3695,-15888.3526,599.1417,11513.4088,-1989.0505,57.942043919999996,-0.022,-4156.4341,-1931.10845608,-6087.56455608
184,505.7738,1371.6371,-1071.9214,0.0,0.0,0.0,-1275.7893,-15968.2979,610.7217,11600.626,-2019.0691,58.09711032,11.8701,-4227.249999999998,-1960.97198968,-6176.351889679998
185,513.2083,1398.3019,-1111.776,0.0,0.0,0.0,-1262.8979,-15929.5059,602.092,11617.178,-2056.1098,58.47403104,15.5578,-4173.399600000001,-1997.6357689600002,-6155.477568960001
186,492.6778,1328.3891,-1094.2449,0.0,0.0,0.0,-1252.6153,-16068.8526,604.6767,11616.5285,-1908.4474,58.65623856,18.2152,-4373.440699999999,-1849.79116144,-6205.01666144
187,536.6017,1389.0801,-1089.4292,0.0,0.0,0.0,-1273.2643,-15880.5593,615.5791,11564.1973,-2061.5621,57.65604984,13.4124,-4137.794600000001,-2003.9060501600002,-6128.288250160001
188,496.7712,1367.313,-1082.7697,0.0,0.0,0.0,-1257.7986,-16039.2786,609.0937,11620.305,-1956.6522,58.53529872,19.9757,-4286.364,-1898.11690128,-6164.50520128
189,522.3113,1371.4919,-1078.1966,0.0,0.0,0.0,-1290.8224,-15853.5176,600.679,11581.3662,-2075.5929,59.233758480000006,10.0571,-4146.688199999999,-2016.35914152,-6152.990241519999
190,509.5488,1419.7438,-1099.3428,0.0,0.0,0.0,-1271.4601,-15918.5836,600.2308,11605.3733,-2044.6672,58.90866336,9.7631,-4154.489800000001,-1985.75853664,-6130.485236640001
191,512.6371,1409.0332,-1075.4875,0.0,0.0,0.0,-1263.1043,-15870.734,597.0844,11614.6322,-2101.4005,60.45686567999999,7.216,-4075.938900000001,-2040.9436343200002,-6109.66653432
192,494.2868,1407.3646,-1092.4738,0.0,0.0,0.0,-1272.7945,-15854.7244,607.2563,11595.6484,-2097.7686,59.71312008,12.2034,-4115.436599999999,-2038.05547992,-6141.288679919998
193,536.2857,1396.8631,-1088.667,0.0,0.0,0.0,-1265.1996,-15794.4086,602.0552,11584.0404,-2129.2362,59.78333088,13.4776,-4029.0308000000005,-2069.45286912,-6085.00606912
194,498.3548,1351.9446,-1068.3988,0.0,0.0,0.0,-1261.6939,-15961.1552,590.8341,11570.1433,-1942.139,59.84654687999999,-5.3732,-4279.971099999999,-1882.29245312,-6167.636753119999
195,478.5681,1410.0988,-1081.0945,0.0,0.0,0.0,-1267.5991,-15983.8255,593.2003,11594.2913,-1971.0826,59.03117928,11.5663,-4256.3606,-1912.05142072,-6156.845720719999
196,511.6721,1460.4403,-1098.2775,0.0,0.0,0.0,-1256.3109,-15798.3625,607.2836,11534.7446,-2092.3307,61.32456359999999,12.1039,-4038.810299999999,-2031.0061364,-6057.712536399999
197,516.6246,1357.4026,-1106.4036,0.0,0.0,0.0,-1219.9129,-15836.656,603.5019,11539.5213,-2077.1161,60.924695039999996,15.8719,-4145.922100000002,-2016.1914049600002,-6146.2416049600015
198,498.3201,1417.6829,-1079.19,0.0,0.0,0.0,-1262.6793,-15902.2797,600.1957,11547.9268,-1996.9367,59.14782216,14.9488,-4180.023499999999,-1937.78887784,-6102.863577839999
199,502.9041,1390.8665,-1066.4516,0.0,0.0,0.0,-1253.5406,-15830.9807,605.9872,11534.961,-2054.6696,58.67555184,9.0383,-4116.254100000002,-1995.9940481600001,-6103.209848160002
200,526.1861,1385.6934,-1121.188,0.0,0.0,0.0,-1259.8834,-15865.9943,596.6602,11537.6695,-2034.8652,57.34865232,19.0188,-4200.8565,-1977.51654768,-6159.35424768
201,478.9237,1470.324,-1111.1179,0.0,0.0,0.0,-1269.2263,-15879.9047,600.8229,11584.0982,-2043.5696,58.5337932,3.1371,-4126.080099999999,-1985.0358068,-6107.978806799999
202,519.2524,1442.4828,-1072.8409,0.0,0.0,0.0,-1254.4891,-15948.907,622.9261,11625.5378,-2028.8892,58.95200376,13.4001,-4066.0378999999975,-1969.93719624,-6022.574996239998
203,508.8336,1418.8823,-1081.482,0.0,0.0,0.0,-1267.7991,-15971.1141,608.8197,11610.5946,-1992.1411,58.818916079999994,17.513,-4173.264999999999,-1933.32218392,-6089.074183919999
204,509.6567,1364.6578,-1070.0731,0.0,0.0,0.0,-1268.2527,-15823.6897,610.685,11593.2802,-2102.8505,59.139846719999994,27.3737,-4083.735800000002,-2043.71065328,-6100.072753280003
205,522.3857,1406.2343,-1105.4141,0.0,0.0,0.0,-1251.7049,-15818.2517,598.1634,11586.1481,-2118.4141,61.539189119999996,20.0705,-4062.4392000000007,-2056.87491088,-6099.243610880001
206,502.7926,1401.3927,-1106.7654,0.0,0.0,0.0,-1253.6562,-15868.3757,613.7277,11538.8279,-1991.2526,60.633341279999996,17.5455,-4172.056400000001,-1930.61925872,-6085.1301587200005
207,498.9166,1436.8578,-1095.4371,0.0,0.0,0.0,-1254.663,-15973.7804,572.472,11539.2327,-1923.7832,58.47237792,16.8879,-4276.401400000001,-1865.31082208,-6124.8243220800005
208,492.1169,1418.1837,-1067.7095,0.0,0.0,0.0,-1267.7902,-16034.1941,614.489,11592.2064,-1908.5747,60.40934352000001,10.9152,-4252.6978,-1848.16535648,-6089.947956479999
209,495.7877,1338.7549,-1051.3183,0.0,0.0,0.0,-1279.0931,-16007.919,601.6306,11611.2527,-1979.7073,58.54685832,17.8541,-4290.904499999999,-1921.16044168,-6194.210841679999
210,504.8197,1378.5818,-1094.2115,0.0,0.0,0.0,-1246.4652,-15787.5307,598.5858,11543.8194,-2142.0189,60.481965599999995,20.0402,-4102.400699999998,-2081.5369344,-6163.897434399998
211,495.3061,1416.123,-1120.7933,0.0,0.0,0.0,-1260.1859,-15730.6017,603.8859,11536.6198,-2136.7034,58.80940704,9.9365,-4059.6461,-2077.8939929599997,-6127.60359296
212,523.1959,1432.1928,-1084.1499,0.0,0.0,0.0,-1263.0971,-15765.3562,605.8572,11535.8179,-2105.9247,59.71713624,14.0132,-4015.5393999999997,-2046.20756376,-6047.7337637599985
213,541.4934,1443.0346,-1083.088,0.0,0.0,0.0,-1238.381,-15811.0805,580.6991,11511.8532,-2098.3691,59.58594576,13.1923,-4055.4692000000014,-2038.78315424,-6081.060054240002
214,495.5484,1433.3589,-1094.4533,0.0,0.0,0.0,-1275.7555,-15942.7774,613.3622,11596.4854,-2014.684,59.31789912000001,4.222,-4174.231300000001,-1955.36610088,-6125.3754008800015
215,494.3479,1445.2161,-1085.6615,0.0,0.0,0.0,-1274.4928,-15868.1817,579.3607,11590.7467,-2075.0432,59.99105736,20.771,-4118.6646,-2015.05214264,-6112.94574264
216,477.8331,1440.2548,-1087.2251,0.0,0.0,0.0,-1287.4629,-15739.1964,613.9616,11587.4215,-2170.0303,60.604596,19.3847,-3994.4133999999995,-2109.4257039999998,-6084.454404
217,497.6426,1434.8145,-1069.1645,0.0,0.0,0.0,-1232.5893,-15905.2242,618.4542,11541.9344,-2056.3464,60.329635919999994,19.1379,-4114.132300000001,-1996.0167640799998,-6091.011164080001
218,492.8548,1445.9011,-1122.354,0.0,0.0,0.0,-1263.8206,-15892.9528,599.973,11623.1617,-2072.4998,58.74978888,14.9646,-4117.236799999999,-2013.75001112,-6116.022211119998
219,510.854,1369.6696,-1085.6135,0.0,0.0,0.0,-1240.6527,-15966.9124,599.5601,11608.3868,-1998.2656,61.832296799999995,16.4333,-4204.708099999998,-1936.4333032,-6124.708103199998
220,534.0669,1432.27,-1102.4746,0.0,0.0,0.0,-1239.1931,-15994.7,600.675,11525.6777,-1934.181,58.52677032,6.3313,-4243.678100000001,-1875.65422968,-6113.001029680002
221,524.3772,1399.5202,-1117.1224,0.0,0.0,0.0,-1306.0214,-15900.7433,576.4983,11579.3293,-2013.4154,57.91782096,8.8378,-4244.162100000003,-1955.4975790400001,-6190.821879040002
222,512.4339,1445.2266,-1079.473,0.0,0.0,0.0,-1275.6272,-15888.6102,615.3057,11550.171,-2029.3147,58.05620352,13.1289,-4120.573199999997,-1971.2584964799998,-6078.702796479997
223,496.6228,1397.9505,-1097.7503,0.0,0.0,0.0,-1275.8762,-15937.1819,599.4198,11592.446,-2025.3867,57.7795968,10.3598,-4224.3692999999985,-1967.6071032,-6181.616603199998
224,494.297,1426.4666,-1095.1498,0.0,0.0,0.0,-1268.0854,-15860.4484,604.8533,11526.0175,-2018.168,60.65769384,13.0495,-4172.049199999998,-1957.5103061599998,-6116.510006159997
225,499.8074,1419.1277,-1084.7384,0.0,0.0,0.0,-1263.5825,-15853.0729,602.1663,11536.9175,-2055.0045,60.54303816,8.7218,-4143.374899999999,-1994.46146184,-6129.114561839999
226,478.3945,1433.0194,-1086.7455,0.0,0.0,0.0,-1262.2443,-15921.4039,594.3592,11562.67,-1982.853,58.8876552,11.9709,-4201.950599999998,-1923.9653448000001,-6113.945044799998
227,516.7004,1392.7942,-1064.0983,0.0,0.0,0.0,-1244.7941,-15925.4616,594.3558,11519.542,-1981.9859,59.63887584,11.5437,-4210.961600000002,-1922.3470241599998,-6121.764924160002
228,533.3285,1395.7422,-1096.0247,0.0,0.0,0.0,-1255.2037,-15848.5266,595.678,11503.9013,-2003.358,58.44499632,22.2794,-4171.105,-1944.91300368,-6093.738603679999
229,509.9571,1388.1669,-1105.102,0.0,0.0,0.0,-1300.4673,-15880.9787,597.1553,11584.7854,-2034.5082,58.14907848,9.3634,-4206.483299999998,-1976.35912152,-6173.479021519998
230,499.2084,1403.9932,-1068.3428,0.0,0.0,0.0,-1256.1423,-15904.8123,615.0945,11573.7257,-2052.8446,61.226111519999996,29.4701,-4137.275599999999,-1991.61848848,-6099.42398848
231,505.5523,1438.0285,-1070.6394,0.0,0.0,0.0,-1262.2775,-15771.9888,590.3915,11514.9393,-2107.1362,61.082611199999995,8.3123,-4055.9941,-2046.0535888,-6093.7353888
232,522.2452,1412.3506,-1082.8282,0.0,0.0,0.0,-1291.0175,-15808.5051,611.8238,11598.8162,-2130.4601,58.50300888,16.2689,-4037.1150000000016,-2071.95709112,-6092.803191120001
233,501.5491,1411.9154,-1074.0148,0.0,0.0,0.0,-1271.867,-15810.6763,590.433,11524.8883,-2057.3817,58.6984284,19.2758,-4127.772299999999,-1998.6832716,-6107.179771599998
234,484.8316,1411.9237,-1082.0884,0.0,0.0,0.0,-1286.6089,-15853.2169,610.2848,11616.3263,-2077.9062,58.41442296,11.3149,-4098.5477999999985,-2019.49177704,-6106.724677039998
235,539.6952,1417.9425,-1095.4499,0.0,0.0,0.0,-1260.0916,-15781.701,591.6818,11562.1608,-2136.6556,60.02777880000001,0.1663,-4025.762199999999,-2076.6278212,-6102.223721199999
236,502.3204,1403.4257,-1038.4002,0.0,0.0,0.0,-1288.261,-15863.8345,607.9216,11608.2911,-2130.0858,59.13604151999999,18.8963,-4068.536900000001,-2070.9497584799997,-6120.590358480001
237,517.9872,1449.1294,-1103.1429,0.0,0.0,0.0,-1281.7541,-15809.0315,589.9201,11493.7665,-2048.6086,59.42024135999999,13.8717,-4143.1253,-1989.18835864,-6118.44195864
238,522.5236,1470.371,-1098.7574,0.0,0.0,0.0,-1258.2352,-15885.7013,602.8434,11535.024,-2012.0727,58.30421112,9.2239,-4111.931900000001,-1953.76848888,-6056.476488880001
239,515.0894,1456.0433,-1102.7966,0.0,0.0,0.0,-1266.5092,-15970.2247,598.6232,11552.7277,-1966.1075,57.03052968,3.9421,-4217.046900000001,-1909.07697032,-6122.181770320001
240,508.1063,1416.2858,-1086.692,0.0,0.0,0.0,-1259.5797,-15873.0008,593.35,11521.156,-2035.0469,57.896847359999995,7.226,-4180.374399999999,-1977.15005264,-6150.29845264
241,510.2303,1441.3811,-1112.9161,0.0,0.0,0.0,-1276.4974,-15808.4288,608.7138,11504.5897,-2065.3214,58.2051348,-0.0008,-4132.927399999999,-2007.1162651999998,-6140.044465199998
242,548.5621,1425.2922,-1100.5684,0.0,0.0,0.0,-1255.7591,-15862.519,606.703,11513.8755,-2053.3086,59.33167631999999,11.0769,-4124.413700000001,-1993.9769236799998,-6107.313723680001
243,491.9614,1404.9506,-1080.1326,0.0,0.0,0.0,-1284.5275,-15818.7611,603.8205,11518.6006,-2049.6025,58.98766464,21.4821,-4164.088100000001,-1990.61483536,-6133.220835360001
244,544.7354,1402.9905,-1099.8977,0.0,0.0,0.0,-1284.8063,-15797.4988,597.1876,11465.5838,-2019.9945,58.97823912,10.6504,-4171.7055,-1961.0162608800001,-6122.07136088
245,518.4549,1444.2762,-1094.07,0.0,0.0,0.0,-1263.8523,-15816.7686,614.3143,11476.2844,-2032.1207,57.81940272,5.9728,-4121.361099999998,-1974.30129728,-6089.689597279998
246,495.5231,1446.1572,-1122.7155,0.0,0.0,0.0,-1261.2611,-15817.9736,599.2044,11537.342,-2072.4156,57.70528776,15.0532,-4123.723499999998,-2014.71031224,-6123.380612239998
247,512.0536,1426.9306,-1107.9726,0.0,0.0,0.0,-1268.5261,-15855.28,610.0816,11514.1299,-2042.0889,58.65183792,18.0849,-4168.5830000000005,-1983.43706208,-6133.935162080001
248,516.9985,1457.2593,-1069.5843,0.0,0.0,0.0,-1283.5481,-15943.3993,598.9485,11547.0265,-1965.9401,57.12791832,20.9256,-4176.2989,-1908.81218168,-6064.18548168
249,477.2489,1463.9074,-1101.506,0.0,0.0,0.0,-1262.5324,-15837.5094,590.3839,11500.3772,-2021.8825,58.066603199999996,9.6478,-4169.6304,-1963.8158968,-6123.7984968
250,522.9169,1354.2662,-1081.0157,0.0,0.0,0.0,-1277.6542,-15887.2578,607.8422,11551.4269,-1987.117,58.00952664,14.8445,-4209.475499999999,-1929.1074733599999,-6123.738473359998
251,518.5284,1427.9458,-1099.6158,0.0,0.0,0.0,-1275.1881,-15823.8552,599.8082,11538.5191,-2087.2378,57.30992712,12.8146,-4113.857600000001,-2029.92787288,-6130.9708728800015
252,529.0122,1392.6092,-1107.5088,0.0,0.0,0.0,-1285.0038,-15840.771,606.9567,11545.1591,-2032.2054,59.74550928,5.2131,-4159.546399999999,-1972.45989072,-6126.793190719999
253,508.2624,1393.4591,-1113.9851,0.0,0.0,0.0,-1245.613,-15825.0198,611.4778,11522.3167,-2066.581,59.343762240000004,-0.4408,-4149.1019,-2007.2372377600002,-6156.77993776
254,491.3856,1423.7518,-1113.0779,0.0,0.0,0.0,-1275.5746,-16051.3728,589.6259,11535.188,-1876.9714,57.55307472,16.9817,-4400.073999999999,-1819.4183252799999,-6202.510625279999
255,527.0709,1378.5296,-1082.3158,0.0,0.0,0.0,-1280.7811,-16046.8015,599.3048,11516.1761,-1856.6482,56.963298959999996,10.0176,-4388.816999999997,-1799.68490104,-6178.484301039996
256,503.9474,1395.69,-1115.7999,0.0,0.0,0.0,-1269.7767,-15988.7216,619.0918,11548.2122,-1926.1676,57.82394736,25.4183,-4307.356800000001,-1868.34365264,-6150.282152640001
257,495.8479,1459.3158,-1098.2422,0.0,0.0,0.0,-1272.3611,-15906.5091,600.7063,11558.9472,-2024.0604,59.32230336,17.9693,-4162.295199999999,-1964.73809664,-6109.0639966399995
258,488.2154,1450.9252,-1062.0912,0.0,0.0,0.0,-1244.8578,-15861.0923,591.0784,11489.1391,-2031.5475,59.364053999999996,17.5243,-4148.6831999999995,-1972.183446,-6103.342345999999
259,525.2779,1467.7454,-1088.0861,0.0,0.0,0.0,-1278.4625,-15857.5753,585.3061,11487.7262,-1999.0661,58.23322848,14.1287,-4158.068300000001,-1940.83287152,-6084.77247152
260,506.9711,1434.8908,-1114.8139,0.0,0.0,0.0,-1257.0441,-15847.7687,607.5592,11541.6654,-2041.8131,58.56340824,17.4604,-4128.540200000001,-1983.2496917600001,-6094.3294917600015
261,507.6193,1386.5733,-1115.0061,0.0,0.0,0.0,-1281.9045,-16184.0862,608.0493,11577.6774,-1802.6958,56.64134016,8.7665,-4501.077499999998,-1746.05445984,-6238.365459839997
262,513.4461,1415.8649,-1087.0174,0.0,0.0,0.0,-1274.4545,-15990.3273,613.5841,11583.9046,-1965.3185,57.56999112,10.521,-4224.9995,-1907.7485088800001,-6122.2270088800005
263,480.0947,1420.1316,-1054.1579,0.0,0.0,0.0,-1246.0994,-15781.4444,595.0868,11497.5089,-2092.6954,59.62320288,22.7217,-4088.8797000000013,-2033.07219712,-6099.230197120002
264,514.2717,1403.3974,-1093.2223,0.0,0.0,0.0,-1247.9993,-16019.5605,612.815,11525.7365,-1913.3259,58.10615064,10.3186,-4304.561499999996,-1855.2197493600002,-6149.462649359996
265,507.6912,1394.8117,-1091.7909,0.0,0.0,0.0,-1234.7251,-16045.9723,606.897,11563.3318,-1931.4307,58.342163039999996,25.2335,-4299.756599999997,-1873.0885369599998,-6147.611636959997
266,529.6583,1459.2306,-1096.7221,0.0,0.0,0.0,-1281.9117,-15959.0473,603.1775,11544.984,-1919.1865,58.53351096,11.4493,-4200.6307,-1860.65298904,-6049.834389039999
267,501.826,1433.6135,-1094.9474,0.0,0.0,0.0,-1253.6561,-16021.0489,599.4753,11520.3936,-1884.4723,56.675363759999996,12.9768,-4314.343999999999,-1827.79693624,-6129.164136239998
268,496.5581,1394.4111,-1054.3325,0.0,0.0,0.0,-1264.1753,-15966.4738,612.8672,11485.1415,-1921.2714,57.48198408,11.3887,-4296.003699999999,-1863.78941592,-6148.404415919998
269,512.7598,1446.7891,-1104.9356,0.0,0.0,0.0,-1284.022,-15963.3272,591.3691,11557.2784,-1949.7738,57.56040144,5.7557,-4244.088400000001,-1892.2133985599999,-6130.546098560001
270,473.7518,1413.0252,-1110.0445,0.0,0.0,0.0,-1248.4928,-15972.2624,605.0367,11635.3048,-2015.1735,59.042800799999995,18.1953,-4203.681200000001,-1956.1306992000002,-6141.616599200001
271,500.04,1450.783,-1103.1846,0.0,0.0,0.0,-1275.4616,-16026.4923,614.232,11560.5588,-1905.9452,57.472455599999996,11.5231,-4279.5247,-1848.4727444,-6116.4743444
272,518.5073,1405.6989,-1108.1898,0.0,0.0,0.0,-1251.7456,-15892.8851,599.8583,11545.2162,-2015.2141,58.26151728,11.8736,-4183.539799999999,-1956.95258272,-6128.618782719999
273,464.2996,1376.1299,-1117.6388,0.0,0.0,0.0,-1232.6116,-16045.3873,615.5313,11583.4227,-1910.2804,58.91368752,12.4824,-4356.254200000001,-1851.3667124800002,-6195.138512480001
274,514.6564,1406.0358,-1096.8902,0.0,0.0,0.0,-1290.53,-15958.7893,607.572,11611.0962,-1987.9591,57.190106879999995,5.6361,-4206.849099999999,-1930.76899312,-6131.98199312
275,497.1501,1362.0007,-1074.9117,0.0,0.0,0.0,-1275.9113,-15920.0326,605.5587,11605.7908,-1991.031,57.23105112,11.3002,-4200.355299999999,-1933.7999488799999,-6122.855048879999
276,473.4755,1425.6699,-1072.7213,0.0,0.0,0.0,-1257.6856,-16023.0658,604.0518,11536.3092,-1900.9811,57.92931288,11.6087,-4313.966300000002,-1843.05178712,-6145.409387120002
277,517.2872,1478.8009,-1092.0288,0.0,0.0,0.0,-1330.9321,-15945.304,589.4795,11558.6318,-1953.8073,57.03655464,14.9853,-4224.065500000002,-1896.7707453599999,-6105.850945360003
278,475.3536,1453.6358,-1108.6477,0.0,0.0,0.0,-1274.258,-16079.9973,601.5213,11567.9521,-1851.6054,57.97329912,15.1544,-4364.440199999999,-1793.6321008799998,-6142.917900879999
279,490.9216,1437.3815,-1090.6745,0.0,0.0,0.0,-1263.6854,-15994.7759,608.7603,11536.9635,-1899.909,57.212597519999996,14.4982,-4275.108899999999,-1842.6964024800002,-6103.307102479999
280,516.3297,1421.2417,-1082.7383,0.0,0.0,0.0,-1265.7516,-16147.737,615.2746,11617.7391,-1844.8045,57.9799332,14.3402,-4325.641799999999,-1786.8245668,-6098.1261668
281,512.7797,1432.5631,-1072.3582,0.0,0.0,0.0,-1271.1162,-15942.0915,605.0916,11524.8339,-1933.3301,57.0549312,13.4969,-4210.2976,-1876.2751687999998,-6073.0758688
282,524.7142,1373.6389,-1124.1587,0.0,0.0,0.0,-1283.7476,-15914.2064,592.456,11505.8453,-1951.6519,58.39442999999999,12.5735,-4325.458299999997,-1893.25747,-6206.142269999996
283,487.5722,1436.7437,-1074.0624,0.0,0.0,0.0,-1257.6984,-16063.1111,621.5243,11565.0666,-1868.1479,57.60327312,12.6275,-4283.965099999999,-1810.54462688,-6081.8822268799995
284,505.6366,1374.1808,-1078.0805,0.0,0.0,0.0,-1286.8939,-16157.4702,603.2492,11547.6106,-1775.3051,56.205493919999995,7.6954,-4491.767399999999,-1719.09960608,-6203.171606079999
285,477.5482,1372.6923,-1086.0626,0.0,0.0,0.0,-1277.141,-16187.3708,609.9209,11626.8665,-1798.6896,55.95918408,18.0049,-4463.546500000002,-1742.7304159199998,-6188.272015920002
286,513.3364,1398.7713,-1064.3565,0.0,0.0,0.0,-1293.6338,-16007.8805,598.5804,11523.6754,-1884.0384,57.08872296,21.813,-4331.507299999999,-1826.9496770399999,-6136.643977039998
287,481.2866,1383.8801,-1052.726,0.0,0.0,0.0,-1268.7766,-15980.033,601.7774,11631.78,-2002.5106,57.70653408,14.4015,-4202.811499999998,-1944.80406592,-6133.214065919998
288,515.5998,1405.72,-1054.7714,0.0,0.0,0.0,-1322.9262,-16052.3274,610.2612,11613.3794,-1906.7694,55.7143884,14.9638,-4285.0646,-1851.0550116,-6121.1558116
289,499.2616,1377.7449,-1081.6024,0.0,0.0,0.0,-1260.9259,-15970.7292,604.0997,11556.2392,-1984.2032,58.0382388,18.4142,-4275.9121,-1926.1649611999999,-6183.6628611999995
290,493.4223,1392.0309,-1085.2881,0.0,0.0,0.0,-1278.1707,-15816.8063,596.4475,11522.4955,-2080.2319,57.251016,17.1202,-4175.8688999999995,-2022.9808840000003,-6181.729584
291,544.1312,1372.7932,-1080.851,0.0,0.0,0.0,-1279.6987,-15762.5393,604.6041,11529.4571,-2133.6427,58.27798944,8.2458,-4072.1034,-2075.36471056,-6139.222310560001
292,522.7165,1446.7286,-1102.0216,0.0,0.0,0.0,-1282.8346,-15954.4964,584.277,11591.1154,-2015.2331,58.11096528,14.8193,-4194.515099999999,-1957.1221347199998,-6136.817934719998
293,498.061,1454.1782,-1072.1129,0.0,0.0,0.0,-1246.2802,-15958.8453,601.2432,11619.0677,-2029.6656,57.70498896,12.2286,-4104.6883,-1971.96061104,-6064.420311039999
294,499.8146,1392.8765,-1071.9669,0.0,0.0,0.0,-1288.9444,-15894.1943,608.2576,11530.4441,-2028.3188,55.83231864,14.6643,-4223.7127999999975,-1972.48648136,-6181.534981359997
295,516.5108,1451.622,-1122.5799,0.0,0.0,0.0,-1258.8512,-15715.8836,595.7732,11540.2514,-2190.2406,58.41359712,6.738,-3993.1573000000008,-2131.8270028800002,-6118.24630288
296,481.9022,1404.7628,-1092.3489,0.0,0.0,0.0,-1261.9065,-15880.6039,604.2069,11594.3618,-2060.2649,58.924041839999994,4.9176,-4149.625599999999,-2001.3408581600002,-6146.048858159999
297,482.7145,1409.5722,-1069.1131,0.0,0.0,0.0,-1285.7976,-16007.6441,602.0753,11529.3911,-1932.6831,58.6311552,12.1285,-4338.8017,-1874.0519448,-6200.725144800001
298,465.1913,1446.7109,-1102.6906,0.0,0.0,0.0,-1253.433,-16095.6463,605.1732,11576.8867,-1881.9382,57.00676464,8.6828,-4357.8078000000005,-1824.93143536,-6174.056435360001
299,492.4377,1516.5807,-1105.0055,0.0,0.0,0.0,-1260.9914,-16055.715,609.4287,11508.1852,-1876.1691,58.331708639999995,12.8348,-4295.079600000001,-1817.83739136,-6100.082191360001
300,496.0255,1383.8498,-1079.2726,0.0,0.0,0.0,-1250.5989,-16141.0394,608.8342,11578.3497,-1857.2355,57.26797344,28.8255,-4403.851699999999,-1799.96752656,-6174.993726559999
301,518.2153,1448.7941,-1105.759,0.0,0.0,0.0,-1267.1213,-15997.5988,582.9255,11461.0252,-1884.7288,56.76133968,13.983,-4359.519000000002,-1827.96746032,-6173.503460320002
302,491.4011,1414.3537,-1098.6833,0.0,0.0,0.0,-1263.2793,-15889.2015,606.7289,11515.189,-1991.4362,57.939344639999995,12.7809,-4223.491399999999,-1933.4968553600002,-6144.207355359999
303,489.1071,1412.8985,-1097.4081,0.0,0.0,0.0,-1260.9993,-15948.775,587.3071,11503.8103,-1948.2713,59.25751919999999,9.1041,-4314.059400000002,-1889.0137808000002,-6193.969080800002
304,531.1004,1420.0687,-1059.4196,0.0,0.0,0.0,-1261.989,-15991.0188,613.4504,11543.6692,-1956.5733,58.92426072,0.0705,-4204.1386999999995,-1897.6490392800001,-6101.717239279999
305,490.2981,1385.3189,-1058.7521,0.0,0.0,0.0,-1259.4217,-16015.9225,608.2391,11595.6766,-1936.7106,59.275657439999996,5.4027,-4254.563599999998,-1877.43494256,-6126.595842559998
306,493.2126,1394.2462,-1094.7549,0.0,0.0,0.0,-1257.6995,-16041.5484,632.908,11537.4711,-1857.0127,58.06434168,18.5723,-4336.164899999998,-1798.94835832,-6116.540958319998
307,519.4936,1378.6089,-1062.9626,0.0,0.0,0.0,-1242.9824,-16024.5821,598.9133,11496.4248,-1891.7163,58.001990400000004,6.5366,-4337.086499999998,-1833.7143096,-6164.264209599997
308,518.4012,1351.8728,-1106.1627,0.0,0.0,0.0,-1261.8294,-15906.0638,602.9763,11486.3555,-1945.751,58.680861119999996,3.9536,-4314.450100000002,-1887.07013888,-6197.566638880002
309,514.112,1432.8872,-1117.9292,0.0,0.0,0.0,-1265.7315,-15914.1856,624.3178,11574.0197,-2013.0226,59.7686724,18.5036,-4152.509599999999,-1953.2539276,-6087.2599276
310,491.3453,1358.3378,-1088.048,0.0,0.0,0.0,-1277.845,-16033.8339,613.9279,11575.8964,-1913.991,57.57151176,8.5122,-4360.219499999999,-1856.41948824,-6208.126788239999
311,512.3061,1468.028,-1092.616,0.0,0.0,0.0,-1288.0689,-15954.6835,604.8359,11513.1797,-1967.3423,57.11377896,10.8079,-4237.018699999999,-1910.22852104,-6136.439321039999
312,525.5481,1527.1578,-1113.2958,0.0,0.0,0.0,-1271.1377,-15935.7819,586.3946,11529.0378,-1979.0461,59.50181736,7.2282,-4152.0771,-1919.5442826400001,-6064.39318264
313,502.9826,1452.1004,-1070.7825,0.0,0.0,0.0,-1253.228,-16094.1659,608.3136,11525.2473,-1853.1949,57.93541704,9.838,-4329.532500000001,-1795.25948296,-6114.953982960002
314,536.0112,1420.7303,-1103.4497,0.0,0.0,0.0,-1222.9253,-16024.1544,605.9288,11568.2604,-1957.5473,60.28352352,6.4121,-4219.5987000000005,-1897.26377648,-6110.450376480001
315,487.8857,1428.7521,-1080.0675,0.0,0.0,0.0,-1270.4857,-15962.9583,592.6233,11496.298,-1912.1404,58.73864616,8.0627,-4307.9524,-1853.40175384,-6153.29145384
316,487.6547,1430.6575,-1108.2025,0.0,0.0,0.0,-1260.0279,-15941.4862,603.8751,11529.2248,-1971.7843,59.99148648,7.9542,-4258.3045,-1911.79281352,-6162.14311352
317,527.9703,1439.0776,-1056.9436,0.0,0.0,0.0,-1275.7254,-15765.8158,599.1556,11473.8079,-2063.3713,58.9494852,7.1365,-4058.4734000000008,-2004.4218147999998,-6055.758714800001
318,503.9826,1463.0072,-1133.3553,0.0,0.0,0.0,-1274.3875,-15873.8154,590.9535,11514.0445,-1995.0119,58.20236496,16.375,-4209.5704000000005,-1936.80953504,-6130.00493504
319,497.1956,1419.2483,-1111.1371,0.0,0.0,0.0,-1243.0541,-15878.8255,623.5304,11508.6088,-2017.6213,59.937273360000006,13.9381,-4184.433600000002,-1957.68402664,-6128.179526640001
320,500.0805,1448.075,-1106.2434,0.0,0.0,0.0,-1276.7381,-15822.5113,605.3826,11507.9419,-2071.7035,61.23287016,20.4828,-4144.012799999999,-2010.4706298400001,-6134.0006298399985
321,482.2777,1429.3004,-1075.1588,0.0,0.0,0.0,-1263.6501,-15929.8398,591.3938,11502.6739,-1970.8704,59.239242000000004,10.8767,-4263.0028999999995,-1911.631158,-6163.757358
322,575.5583,1381.0417,-1075.8533,0.0,0.0,0.0,-1241.9676,-16024.4241,606.7138,11536.4223,-1920.8422,58.68755784,19.094,-4242.508900000001,-1862.15464216,-6085.56954216
323,522.9693,1433.4219,-1105.8501,0.0,0.0,0.0,-1262.5228,-15767.0047,597.2302,11465.2913,-2054.2775,57.583488239999994,22.3161,-4116.464899999999,-1996.6940117600002,-6090.842811759999
324,480.3567,1383.054,-1105.901,0.0,0.0,0.0,-1273.199,-15937.7789,611.3468,11571.8837,-1991.878,59.94561528,2.1731,-4270.2377,-1931.9323847199998,-6199.996984719999
325,494.8394,1474.4308,-1109.9201,0.0,0.0,0.0,-1264.2871,-15846.5308,605.7319,11471.9143,-1985.5187,58.29727176,9.3087,-4173.821599999999,-1927.22142824,-6091.734328240001
326,514.4721,1440.8851,-1084.7451,0.0,0.0,0.0,-1280.1747,-15841.3,601.8026,11497.3533,-1995.4064,58.03379568,15.1892,-4151.706700000001,-1937.3726043200002,-6073.89010432
327,512.7946,1482.6787,-1050.2675,0.0,0.0,0.0,-1288.4253,-15901.3718,589.9672,11500.9575,-1998.425,58.566926159999994,22.1044,-4153.6666000000005,-1939.8580738399999,-6071.420273840001
328,513.0305,1456.586,-1109.7228,0.0,0.0,0.0,-1289.6693,-15877.5852,588.9348,11518.3526,-1985.6779,58.423246559999995,11.5481,-4200.073399999999,-1927.2546534399999,-6115.779953439999
329,508.5136,1439.7868,-1122.3069,0.0,0.0,0.0,-1242.5052,-15980.9512,610.4725,11533.2533,-1930.0428,58.04233344,16.2941,-4253.7370999999985,-1872.00046656,-6109.443466559998
330,517.5067,1418.3817,-1095.737,0.0,0.0,0.0,-1268.7413,-15873.8894,603.8037,11534.098,-2029.9965,59.60890512,10.4121,-4164.5776000000005,-1970.38759488,-6124.5530948800015
331,515.658,1408.5711,-1100.3082,0.0,0.0,0.0,-1282.0492,-15934.1809,607.8482,11512.5012,-1929.3425,58.4436816,6.2867,-4271.959799999999,-1870.8988184,-6136.571918399999
332,507.1743,1427.1875,-1087.2775,0.0,0.0,0.0,-1250.0767,-16067.9795,617.5472,11582.2359,-1906.4697,57.403070639999996,21.815,-4271.1888,-1849.0666293600002,-6098.44042936
333,504.2177,1398.8118,-1100.6806,0.0,0.0,0.0,-1253.9151,-15838.2575,623.5466,11513.0418,-2047.9907,59.011999200000005,5.5777,-4153.2352999999985,-1988.9787008,-6136.636300799999
334,513.6027,1372.428,-1102.9482,0.0,0.0,0.0,-1275.7809,-15946.9587,613.2581,11603.329,-1993.9061,59.77385712,6.4356,-4223.0700000000015,-1934.13224288,-6150.766642880002
335,487.8949,1379.6564,-1058.2174,0.0,0.0,0.0,-1279.4304,-15973.8045,594.2196,11616.3286,-1983.0474,58.13966664,18.5081,-4233.352800000001,-1924.9077333599998,-6139.75243336
336,467.0589,1392.8339,-1091.3931,0.0,0.0,0.0,-1286.3336,-15878.111,617.7491,11599.6492,-2055.0286,57.717771840000005,8.0553,-4178.5466000000015,-1997.31082816,-6167.802128160001
337,519.9138,1456.5333,-1103.7624,0.0,0.0,0.0,-1241.423,-15896.3741,588.7762,11548.8114,-2033.0857,59.69917295999999,4.3558,-4127.524800000001,-1973.3865270400001,-6096.55552704
338,459.7815,1415.3687,-1089.5993,0.0,0.0,0.0,-1254.8896,-15988.8029,621.0849,11582.93,-1968.0366,59.02307424,9.8232,-4254.126699999999,-1909.01352576,-6153.317025759999
339,515.8185,1341.8111,-1102.1443,0.0,0.0,0.0,-1243.872,-15908.2644,601.0165,11585.9179,-2067.549,58.72444704,6.8838,-4209.716699999999,-2008.82455296,-6211.657452959999
340,497.791,1428.7339,-1102.3654,0.0,0.0,0.0,-1261.8627,-15871.425,587.5585,11520.4536,-2053.2275,58.33531512,19.2649,-4201.116099999999,-1994.89218488,-6176.743384879999
341,506.8812,1406.5165,-1107.8917,0.0,0.0,0.0,-1269.6946,-15820.5435,585.3824,11505.5545,-2077.908,59.12051543999999,21.5126,-4193.795199999999,-2018.78748456,-6191.070084559998
342,536.6622,1453.6321,-1085.479,0.0,0.0,0.0,-1283.6504,-15816.2967,585.0397,11502.7442,-2089.9837,59.04994176,7.4516,-4107.3479000000025,-2030.9337582400003,-6130.8300582400025
343,530.9146,1389.1629,-1119.7173,0.0,0.0,0.0,-1222.3254,-15978.8936,617.0472,11595.4688,-2006.2625,59.21482176,9.4799,-4188.342799999997,-1947.04767824,-6125.9105782399965
344,515.3341,1395.1501,-1099.5954,0.0,0.0,0.0,-1276.696,-15881.1882,618.7177,11607.5937,-2077.5875,59.183310240000004,20.527,-4120.684000000001,-2018.40418976,-6118.561189760001
345,478.7462,1426.7593,-1087.3969,0.0,0.0,0.0,-1279.5023,-15982.2443,613.3664,11553.681,-1953.8777,58.521151440000004,5.1566,-4276.590599999998,-1895.35654856,-6166.790548559998
346,512.3741,1396.9768,-1084.174,0.0,0.0,0.0,-1252.1109,-15955.9724,611.7647,11604.2995,-2061.0157,59.177033279999996,11.788,-4166.842200000001,-2001.83866672,-6156.892866720002
347,463.5109,1406.5661,-1081.3517,0.0,0.0,0.0,-1252.7185,-15758.3413,604.5282,11562.1468,-2183.9218,60.97142303999999,23.7755,-4055.6594999999998,-2122.95037696,-6154.83437696
348,479.22,1438.3458,-1062.4866,0.0,0.0,0.0,-1263.1734,-15955.9772,628.8894,11636.6521,-2089.6595,59.15254535999999,13.5387,-4098.5298999999995,-2030.5069546400002,-6115.4981546399995
349,542.219,1395.2941,-1076.2532,0.0,0.0,0.0,-1269.0002,-15839.6594,586.7499,11585.7752,-2091.7957,59.83963056,21.248,-4074.874599999999,-2031.9560694400002,-6085.58266944
350,502.3653,1463.8594,-1100.9679,0.0,0.0,0.0,-1261.4298,-15756.359,601.7602,11543.8633,-2144.7458,59.352795359999995,28.0188,-4006.9084999999995,-2085.39300464,-6064.282704640001
351,516.1549,1431.826,-1084.18,0.0,0.0,0.0,-1258.7168,-15853.1826,610.8458,11564.8125,-2104.7563,59.662841039999996,19.576,-4072.440200000001,-2045.09345896,-6097.957658960001
352,514.9008,1422.6622,-1114.8618,0.0,0.0,0.0,-1265.3416,-15849.3736,590.0615,11463.8997,-1999.2846,58.027451039999995,18.1299,-4238.052800000001,-1941.25714896,-6161.180048960001
353,497.8934,1431.4575,-1071.3397,0.0,0.0,0.0,-1246.5688,-15838.297,603.2923,11548.9225,-2104.4444,58.92551856,16.2356,-4074.639800000001,-2045.5188814399999,-6103.923081440002
354,499.1642,1366.0023,-1092.5159,0.0,0.0,0.0,-1239.2925,-15849.1961,596.7852,11562.6611,-2122.4137,59.49507455999999,9.8762,-4156.3917,-2062.91862544,-6209.434125440001
355,500.7773,1481.7206,-1109.5671,0.0,0.0,0.0,-1234.382,-15836.9728,593.4737,11546.1632,-2088.0844,58.24130184,12.6011,-4058.7870999999977,-2029.8430981600002,-6076.029098159997
356,479.5994,1456.7386,-1095.1843,0.0,0.0,0.0,-1244.6263,-15993.0883,633.1722,11584.1153,-1996.7798,57.08073528,20.8153,-4179.2734,-1939.69906472,-6098.15716472
357,533.6561,1408.7039,-1076.2156,0.0,0.0,0.0,-1265.4927,-15896.356,588.4937,11563.4076,-2030.8861,57.47720112,10.0012,-4143.802999999998,-1973.40889888,-6107.210698879998
358,526.9125,1418.1922,-1090.6553,0.0,0.0,0.0,-1260.2826,-15739.5448,594.3375,11515.9174,-2152.8624,57.92511528,22.9434,-4035.1231000000007,-2094.93728472,-6107.116984720001
359,518.4968,1407.0598,-1085.1764,0.0,0.0,0.0,-1261.6028,-15894.9292,610.8843,11601.4936,-2066.3801,58.87370232,18.5743,-4103.7739,-2007.50639768,-6092.70599768
360,506.7513,1392.5354,-1108.1067,0.0,0.0,0.0,-1273.6133,-15947.9929,615.5251,11596.4029,-2029.3732,57.70023768,7.8419,-4218.498199999998,-1971.67296232,-6182.329262319998
361,496.3893,1403.5109,-1084.8542,0.0,0.0,0.0,-1259.289,-15864.4683,627.2716,11578.0511,-2077.9593,58.78093464,19.9458,-4103.3886,-2019.17836536,-6102.62116536
362,501.0922,1434.3355,-1115.9188,0.0,0.0,0.0,-1276.275,-15961.5734,611.7482,11586.2799,-1971.6876,57.88259136,10.7639,-4220.311399999999,-1913.8050086399999,-6123.352508639999
363,487.8814,1416.212,-1080.0225,0.0,0.0,0.0,-1262.6724,-15949.7065,598.7288,11517.1415,-1919.4425,58.91296752,7.2439,-4272.4377,-1860.5295324800002,-6125.72333248
364,475.7409,1386.6826,-1097.0467,0.0,0.0,0.0,-1264.7558,-15873.1971,597.3859,11587.628,-2038.6169,59.330822399999995,9.5306,-4187.5621999999985,-1979.2860776,-6157.317677599998
365,516.3113,1409.0405,-1094.4018,0.0,0.0,0.0,-1240.21,-15888.3953,598.6106,11547.5594,-2075.0451,58.49456472,14.4669,-4151.4853,-2016.5505352799998,-6153.568935279999
366,497.2082,1431.9418,-1078.9217,0.0,0.0,0.0,-1241.9968,-15841.8781,595.2224,11492.6396,-2039.0224,58.461389999999994,12.955,-4145.784599999999,-1980.5610100000001,-6113.390609999999
367,494.881,1377.9909,-1090.6511,0.0,0.0,0.0,-1252.4151,-15938.3453,611.5266,11625.1406,-2025.7549,60.27945912,12.2979,-4171.8724,-1965.47544088,-6125.049940880001
368,496.8265,1361.947,-1105.3005,0.0,0.0,0.0,-1249.8345,-15877.1831,608.6291,11533.2717,-2011.441,59.15716344,11.9173,-4231.643800000002,-1952.28383656,-6172.010336560002
369,489.0868,1490.9016,-1064.1501,0.0,0.0,0.0,-1292.2814,-15983.3993,581.9932,11531.9966,-1914.1004,56.30899968,13.4095,-4245.852599999998,-1857.79140032,-6090.234500319999
370,467.1047,1370.5081,-1082.269,0.0,0.0,0.0,-1295.8291,-15856.7747,621.3826,11568.7971,-2052.4748,58.249080719999995,11.769,-4207.080299999998,-1994.22571928,-6189.537019279997
371,525.1529,1357.3333,-1062.3494,0.0,0.0,0.0,-1266.9827,-16031.7047,592.3368,11608.7541,-1929.2104,58.55070888,5.4605,-4277.459699999998,-1870.65969112,-6142.658891119997
372,499.8133,1376.0733,-1086.6975,0.0,0.0,0.0,-1253.2639,-16016.0387,608.6034,11598.0374,-1944.9829,58.06522224,10.7938,-4273.4727,-1886.91767776,-6149.5965777599995
373,532.6965,1437.752,-1088.2025,0.0,0.0,0.0,-1265.3306,-16042.3459,606.0064,11601.7168,-1953.857,58.5729684,6.9226,-4217.707300000002,-1895.2840316,-6106.068731600002
374,494.1126,1390.6537,-1080.2044,0.0,0.0,0.0,-1249.2075,-15988.5245,631.4959,11601.3481,-1991.6871,60.039025200000005,24.9564,-4200.3261,-1931.6480748000001,-6107.017774800001
375,492.8093,1436.9776,-1057.9681,0.0,0.0,0.0,-1239.5617,-16044.6606,602.0976,11598.6191,-1945.6951,58.640099039999996,15.2176,-4211.6867999999995,-1887.05500096,-6083.52420096
376,473.3143,1377.1605,-1094.3031,0.0,0.0,0.0,-1278.0232,-15971.7982,602.5644,11611.3869,-1948.5296,57.15425808,13.8097,-4279.698399999999,-1891.37534192,-6157.26404192
377,490.7609,1405.4607,-1096.5249,0.0,0.0,0.0,-1259.2496,-15908.3996,610.9972,11508.9285,-1990.7861,59.205707999999994,12.4081,-4248.0268000000015,-1931.580392,-6167.199092000002
378,488.8737,1417.8543,-1071.5959,0.0,0.0,0.0,-1255.7998,-15874.1527,587.2194,11523.0702,-2022.2309,57.95656055999999,10.2247,-4184.5308,-1964.27433944,-6138.580439440001
379,500.1254,1419.9171,-1116.4756,0.0,0.0,0.0,-1258.2097,-15826.1467,589.42,11553.0418,-2078.1746,60.15171096,18.4847,-4138.327699999998,-2018.0228890399999,-6137.865889039998
380,529.0748,1402.06,-1070.7716,0.0,0.0,0.0,-1284.6779,-15875.3041,600.8133,11586.8716,-2069.6687,57.3706476,23.5331,-4111.9339,-2012.2980524000002,-6100.698852400001
381,520.9558,1412.2992,-1106.2908,0.0,0.0,0.0,-1253.783,-15883.5094,603.4165,11535.987,-2036.7751,57.45287664,14.3324,-4170.924700000001,-1979.32222336,-6135.914523360001
382,538.7902,1379.8674,-1120.3819,0.0,0.0,0.0,-1297.3133,-15867.7465,589.238,11530.4705,-2016.9064,57.359313359999994,15.4035,-4247.0756,-1959.54708664,-6191.21918664
383,521.5309,1389.2405,-1095.6223,0.0,0.0,0.0,-1272.813,-15803.7935,586.8577,11537.6239,-2066.4338,58.31125632,11.3714,-4136.975799999998,-2008.1225436799998,-6133.726943679998
384,513.194,1401.9794,-1116.3441,0.0,0.0,0.0,-1255.5524,-15977.1547,611.3592,11544.7337,-1958.9676,57.9015792,11.9782,-4277.784899999997,-1901.0660208,-6166.872720799997
385,506.6226,1427.8453,-1107.2174,0.0,0.0,0.0,-1252.912,-15834.9568,611.7298,11510.7482,-2034.8419,60.167139840000004,11.1492,-4138.140300000001,-1974.67476016,-6101.66586016
386,494.2679,1381.935,-1084.9684,0.0,0.0,0.0,-1252.1423,-15992.8057,608.0039,11553.84,-1931.8768,59.131715760000006,12.5148,-4291.869600000002,-1872.74508424,-6152.099884240002
387,486.8954,1385.6136,-1092.0572,0.0,0.0,0.0,-1284.9656,-16002.26,619.6924,11532.7682,-1891.0946,58.47251832,10.6151,-4354.313199999999,-1832.6220816799998,-6176.320181679999
388,496.3901,1398.6477,-1123.2033,0.0,0.0,0.0,-1262.4683,-16008.0951,608.0692,11545.921,-1907.9386,58.85257823999999,6.1944,-4344.738700000002,-1849.08602176,-6187.630321760001
389,513.0353,1390.9649,-1085.8591,0.0,0.0,0.0,-1268.939,-16019.1196,601.5935,11580.968,-1931.2082,57.99771,-3.4354,-4287.356,-1873.21049,-6164.0018900000005
390,482.706,1415.8901,-1095.9911,0.0,0.0,0.0,-1260.0303,-15950.8122,607.0468,11561.7648,-1987.5155,59.488495199999996,5.9317,-4239.425899999998,-1928.0270048,-6161.521204799998
391,498.6331,1378.6818,-1084.2225,0.0,0.0,0.0,-1272.6812,-15904.7829,589.4613,11510.8115,-1976.8887,57.88179288,17.1527,-4284.098899999999,-1919.00690712,-6185.953107119999
392,485.617,1468.775,-1070.1526,0.0,0.0,0.0,-1268.8068,-15818.9913,618.5197,11487.8052,-2075.8689,57.66785856,12.4035,-4097.233799999998,-2018.20104144,-6103.031341439997
393,509.1181,1431.3503,-1086.8747,0.0,0.0,0.0,-1262.5291,-15804.0824,603.4332,11514.1699,-2065.403,59.203331999999996,14.2062,-4095.4146999999994,-2006.1996679999997,-6087.408168
394,476.3198,1421.8205,-1097.873,0.0,0.0,0.0,-1243.6207,-15853.8172,602.9127,11516.7701,-2038.072,61.16190623999999,10.2193,-4177.487799999999,-1976.9100937599999,-6144.17859376
395,507.8519,1430.8074,-1070.0656,0.0,0.0,0.0,-1257.8114,-16039.694,597.2848,11539.4594,-1919.9482,60.67982447999999,17.7003,-4292.167500000001,-1859.26837552,-6133.735575520001
396,504.1561,1373.6776,-1078.3409,0.0,0.0,0.0,-1261.6616,-15877.1952,614.5839,11595.9573,-2072.8692,59.25206735999999,10.5061,-4128.8228,-2013.6171326400001,-6131.93383264
397,480.0102,1392.039,-1100.6956,0.0,0.0,0.0,-1281.4135,-15864.0076,629.8176,11657.2723,-2134.6004,59.724200159999995,17.5125,-4086.9776,-2074.87619984,-6144.34129984
398,497.624,1420.4414,-1094.577,0.0,0.0,0.0,-1275.8432,-15848.6766,598.1652,11493.7712,-2017.2711,57.82191768,13.6999,-4209.095000000001,-1959.4491823199999,-6154.844282320001
399,508.3644,1408.5673,-1096.4206,0.0,0.0,0.0,-1239.1203,-15884.6682,599.6992,11530.8778,-2013.4987,59.6388888,9.721,-4172.7004,-1953.8598112000002,-6116.8392112
400,503.3354,1423.2251,-1089.4794,0.0,0.0,0.0,-1265.4732,-15780.1285,594.5132,11492.1528,-2082.2205,58.87528992,19.1382,-4121.854600000001,-2023.34521008,-6126.06161008

