#Residue rms_3K0N_1-165_BB[Avg] rms_3K0N_1-165_BB[Stdev]
   1.000                 5.1697                   3.2769
   2.000                 3.2528                   1.9513
   3.000                 2.3362                   1.6405
   4.000                 1.0011                   0.5481
   5.000                 0.7166                   0.2604
   6.000                 0.5400                   0.1977
   7.000                 0.4711                   0.1832
   8.000                 0.4555                   0.1779
   9.000                 0.5507                   0.1631
  10.000                 0.4648                   0.1683
  11.000                 0.5228                   0.2140
  12.000                 0.7160                   0.3755
  13.000                 1.3873                   0.8335
  14.000                 1.1568                   0.5380
  15.000                 0.7851                   0.3370
  16.000                 0.7675                   0.3079
  17.000                 0.6684                   0.2594
  18.000                 0.5052                   0.2024
  19.000                 0.5057                   0.2041
  20.000                 0.4758                   0.2144
  21.000                 0.4969                   0.1859
  22.000                 0.5232                   0.2212
  23.000                 0.5351                   0.2160
  24.000                 0.8095                   0.3526
  25.000                 0.6832                   0.2802
  26.000                 0.7520                   0.2373
  27.000                 1.0027                   0.3685
  28.000                 0.7634                   0.2922
  29.000                 0.6303                   0.2207
  30.000                 0.7170                   0.2519
  31.000                 0.8021                   0.2669
  32.000                 0.6701                   0.1928
  33.000                 0.4962                   0.1605
  34.000                 0.4314                   0.1602
  35.000                 0.4339                   0.1600
  36.000                 0.4149                   0.1481
  37.000                 0.4114                   0.1575
  38.000                 0.4003                   0.1555
  39.000                 0.4361                   0.1516
  40.000                 0.4506                   0.1587
  41.000                 0.5136                   0.1911
  42.000                 0.5613                   0.2143
  43.000                 0.6811                   0.3088
  44.000                 0.9480                   0.3967
  45.000                 0.9247                   0.4035
  46.000                 0.6308                   0.2452
  47.000                 0.5839                   0.2082
  48.000                 0.4628                   0.1573
  49.000                 0.4723                   0.1662
  50.000                 0.6308                   0.2985
  51.000                 0.4923                   0.2296
  52.000                 0.4778                   0.1973
  53.000                 0.5171                   0.2051
  54.000                 0.6258                   0.2370
  55.000                 0.5574                   0.1931
  56.000                 0.5114                   0.2023
  57.000                 0.5169                   0.2224
  58.000                 0.6432                   0.3319
  59.000                 0.7531                   0.5101
  60.000                 0.5509                   0.3270
  61.000                 0.4769                   0.2157
  62.000                 0.4717                   0.1618
  63.000                 0.4051                   0.1437
  64.000                 0.4323                   0.1520
  65.000                 0.5900                   0.1986
  66.000                 0.9269                   0.2185
  67.000                 0.7008                   0.2997
  68.000                 0.9138                   0.3895
  69.000                 1.0119                   0.4117
  70.000                 1.0412                   0.4737
  71.000                 0.9877                   0.4435
  72.000                 1.1286                   0.5190
  73.000                 1.3127                   0.5361
  74.000                 0.9451                   0.3938
  75.000                 1.3937                   0.7668
  76.000                 0.8720                   0.3677
  77.000                 0.7926                   0.2919
  78.000                 0.7920                   0.2742
  79.000                 0.9625                   0.3893
  80.000                 1.1345                   0.5084
  81.000                 1.1275                   0.7051
  82.000                 0.8761                   0.3108
  83.000                 0.8513                   0.2901
  84.000                 0.8097                   0.3384
  85.000                 1.0338                   0.3829
  86.000                 2.6855                   0.4105
  87.000                 2.6171                   0.6786
  88.000                 1.5490                   0.4479
  89.000                 1.3259                   0.4299
  90.000                 0.9100                   0.3291
  91.000                 0.6434                   0.2867
  92.000                 0.6148                   0.2762
  93.000                 0.7292                   0.3808
  94.000                 0.6040                   0.2883
  95.000                 0.6262                   0.3140
  96.000                 0.6123                   0.2178
  97.000                 0.5358                   0.1667
  98.000                 0.5612                   0.1669
  99.000                 0.5409                   0.1981
 100.000                 0.9446                   0.2827
 101.000                 1.0225                   0.2483
 102.000                 1.9832                   0.4912
 103.000                 2.3564                   0.8686
 104.000                 2.2372                   0.8853
 105.000                 2.3890                   0.8369
 106.000                 2.2198                   0.6735
 107.000                 1.3995                   0.7712
 108.000                 1.0585                   0.4125
 109.000                 1.4213                   0.5546
 110.000                 0.7928                   0.2990
 111.000                 0.6548                   0.2996
 112.000                 0.5135                   0.2200
 113.000                 0.4245                   0.1544
 114.000                 0.3927                   0.1377
 115.000                 0.4929                   0.2094
 116.000                 0.6283                   0.3351
 117.000                 0.6245                   0.2530
 118.000                 0.7290                   0.3015
 119.000                 0.7217                   0.2891
 120.000                 0.7538                   0.4045
 121.000                 0.8822                   0.4974
 122.000                 0.7402                   0.3411
 123.000                 0.9364                   0.4069
 124.000                 1.2854                   0.5554
 125.000                 0.7716                   0.2603
 126.000                 0.5431                   0.2026
 127.000                 0.5834                   0.1901
 128.000                 0.5289                   0.1770
 129.000                 0.4210                   0.1579
 130.000                 0.4384                   0.1647
 131.000                 0.4444                   0.1613
 132.000                 0.5094                   0.1903
 133.000                 0.6314                   0.2244
 134.000                 0.5662                   0.2114
 135.000                 0.5620                   0.2029
 136.000                 0.7409                   0.2823
 137.000                 0.7285                   0.2609
 138.000                 0.5594                   0.2029
 139.000                 0.6826                   0.2558
 140.000                 0.8321                   0.3101
 141.000                 0.6861                   0.2595
 142.000                 0.6670                   0.3317
 143.000                 0.9804                   0.4567
 144.000                 0.9750                   0.3755
 145.000                 0.7770                   0.3059
 146.000                 0.7077                   0.2905
 147.000                 0.6870                   0.3115
 148.000                 0.9559                   0.4449
 149.000                 1.0922                   0.4997
 150.000                 0.8194                   0.3746
 151.000                 0.9021                   0.4101
 152.000                 0.8090                   0.4389
 153.000                 0.9587                   0.6275
 154.000                 0.7835                   0.3581
 155.000                 0.7161                   0.3270
 156.000                 0.4655                   0.1764
 157.000                 0.4740                   0.1774
 158.000                 0.4487                   0.1712
 159.000                 0.5095                   0.1934
 160.000                 0.4395                   0.1701
 161.000                 0.4480                   0.1733
 162.000                 0.4720                   0.1751
 163.000                 0.6301                   0.2441
 164.000                 1.5870                   0.4960
 165.000                 2.4046                   1.0953
