#Residue         Para         Anti         3-10        Alpha           Pi         Turn         Bend
       1       0.0000       0.0000       0.0000       0.0000       0.0000       0.0000       0.0000
       2       0.0000       0.0000       0.0000       0.0000       0.0000       0.0000       0.0000
       3       0.0000       0.0000       0.0000       0.0000       0.0000       0.0000       0.0837
       4       0.0000       0.0000       0.0000       0.0000       0.0000       0.0000       0.0558
       5       0.0000       0.9413       0.0000       0.0000       0.0000       0.0000       0.0000
       6       0.0000       1.0000       0.0000       0.0000       0.0000       0.0000       0.0000
       7       0.0000       1.0000       0.0000       0.0000       0.0000       0.0000       0.0000
       8       0.0000       1.0000       0.0000       0.0000       0.0000       0.0000       0.0000
       9       0.0000       1.0000       0.0000       0.0000       0.0000       0.0000       0.0000
      10       0.0000       1.0000       0.0000       0.0000       0.0000       0.0000       0.0000
      11       0.0000       1.0000       0.0000       0.0000       0.0000       0.0000       0.0000
      12       0.0000       0.9960       0.0000       0.0000       0.0000       0.0000       0.0036
      13       0.0000       0.0000       0.0000       0.0000       0.0000       0.9902       0.0098
      14       0.0000       0.0000       0.0000       0.0000       0.0000       0.9902       0.0098
      15       0.0000       0.9901       0.0000       0.0000       0.0000       0.0000       0.0091
      16       0.0000       0.9749       0.0000       0.0000       0.0000       0.0000       0.0000
      17       0.0000       0.0000       0.0000       0.0000       0.0000       0.0000       0.0000
      18       0.0000       0.9977       0.0000       0.0000       0.0000       0.0000       0.0000
      19       0.0000       0.9996       0.0000       0.0000       0.0000       0.0000       0.0000
      20       0.0000       1.0000       0.0000       0.0000       0.0000       0.0000       0.0000
      21       0.0000       1.0000       0.0000       0.0000       0.0000       0.0000       0.0000
      22       0.0000       1.0000       0.0000       0.0000       0.0000       0.0000       0.0000
      23       0.0000       1.0000       0.0000       0.0000       0.0000       0.0000       0.0000
      24       0.0000       1.0000       0.0000       0.0000       0.0000       0.0000       0.0000
      25       0.0000       0.0000       0.0000       0.0000       0.0000       0.0000       0.0000
      26       0.0000       0.0000       0.0040       0.0000       0.0000       0.9960       0.0000
      27       0.0000       0.0000       0.0040       0.0000       0.0000       0.9960       0.0000
      28       0.0000       0.0000       0.0040       0.0000       0.0000       0.9956       0.0004
      29       0.0000       0.0000       0.0000       0.0000       0.0000       0.0000       0.5377
      30       0.0000       0.0000       0.0000       0.9860       0.0000       0.0134       0.0000
      31       0.0000       0.0000       0.0000       0.9866       0.0000       0.0134       0.0000
      32       0.0000       0.0000       0.0000       0.9998       0.0000       0.0002       0.0000
      33       0.0000       0.0000       0.0000       1.0000       0.0000       0.0000       0.0000
      34       0.0000       0.0000       0.0000       0.9999       0.0000       0.0001       0.0000
      35       0.0000       0.0000       0.0000       1.0000       0.0000       0.0000       0.0000
      36       0.0000       0.0000       0.0000       1.0000       0.0000       0.0000       0.0000
      37       0.0000       0.0000       0.0000       1.0000       0.0000       0.0000       0.0000
      38       0.0000       0.0000       0.0000       1.0000       0.0000       0.0000       0.0000
      39       0.0000       0.0000       0.0000       0.9973       0.0000       0.0027       0.0000
      40       0.0000       0.0000       0.0000       0.9962       0.0000       0.0038       0.0000
      41       0.0000       0.0000       0.0000       0.9283       0.0000       0.0682       0.0035
      42       0.0000       0.0000       0.0000       0.0000       0.0000       0.9392       0.0000
      43       0.0952       0.0000       0.0000       0.0000       0.0000       0.8990       0.0011
      44       0.0000       0.0000       0.0000       0.0000       0.0000       0.9942       0.0058
      45       0.0000       0.0000       0.0000       0.0000       0.0000       0.1900       0.8100
      46       0.0952       0.0000       0.0000       0.0000       0.0000       0.0000       0.0004
      47       0.0000       0.0000       0.0000       0.0000       0.0000       0.0000       0.4174
      48       0.0000       0.0000       0.0001       0.0000       0.0000       0.0000       0.9944
      49       0.0001       0.0000       0.0001       0.0000       0.0000       0.9919       0.0079
      50       0.0000       0.0000       0.0001       0.0000       0.0000       0.9920       0.0079
      51       0.0000       0.1450       0.0000       0.0000       0.0000       0.0000       0.0000
      52       0.0000       0.9990       0.0000       0.0000       0.0000       0.0000       0.0000
      53       0.0000       0.3176       0.0000       0.0000       0.0000       0.0000       0.0000
      54       0.0000       0.0000       0.0000       0.0000       0.0000       0.0000       0.1611
      55       0.0000       0.9899       0.0000       0.0000       0.0000       0.0000       0.0000
      56       0.0000       0.9990       0.0000       0.0000       0.0000       0.0000       0.0000
      57       0.0000       0.9889       0.0000       0.0000       0.0000       0.0000       0.0000
      58       0.0001       0.0000       0.0000       0.0000       0.0000       0.9994       0.0005
      59       0.0000       0.0000       0.0000       0.0000       0.0000       0.9995       0.0005
      60       0.0000       0.0002       0.0000       0.0000       0.0000       0.9894       0.0104
      61       0.0001       0.9999       0.0000       0.0000       0.0000       0.0000       0.0000
      62       0.0000       1.0000       0.0000       0.0000       0.0000       0.0000       0.0000
      63       0.0000       1.0000       0.0000       0.0000       0.0000       0.0000       0.0000
      64       0.0000       0.6964       0.0000       0.0000       0.0000       0.0000       0.0000
      65       0.0000       0.0000       0.0000       0.0000       0.0000       0.0000       0.0000
      66       0.0000       0.0192       0.0000       0.0000       0.0000       0.0000       0.0000
      67       0.0000       0.0000       0.0000       0.0000       0.0000       0.0003       0.1924
      68       0.0000       0.0000       0.0000       0.0000       0.0000       0.0003       0.9997
      69       0.0000       0.0000       0.0000       0.0000       0.0000       0.0003       0.9997
      70       0.0000       0.0000       0.0000       0.0000       0.0000       0.0000       0.9930
      71       0.0000       0.0000       0.0000       0.0000       0.0000       0.0000       1.0000
      72       0.0000       0.0000       0.0000       0.0000       0.0000       0.0000       1.0000
      73       0.0000       0.0000       0.0000       0.0000       0.0000       0.0000       0.6738
      74       0.0000       0.0000       0.0000       0.0000       0.0000       0.0000       0.0006
      75       0.0000       0.0000       0.0000       0.0000       0.0000       0.0000       0.0011
      76       0.0000       0.0002       0.0000       0.0000       0.0000       0.0000       0.0000
      77       0.0000       0.5873       0.0000       0.0000       0.0000       0.0000       0.0000
      78       0.0000       0.0000       0.0000       0.0000       0.0000       0.6814       0.3186
      79       0.0000       0.0000       0.0000       0.0000       0.0000       0.6814       0.3186
      80       0.0000       0.5873       0.0000       0.0000       0.0000       0.0304       0.3582
      81       0.0000       0.0002       0.0000       0.0000       0.0000       0.0485       0.9513
      82       0.0000       0.0000       0.0000       0.0000       0.0000       0.0000       0.0418
      83       0.0000       0.9784       0.0000       0.0000       0.0000       0.0000       0.0000
      84       0.0000       0.1217       0.0000       0.0000       0.0000       0.0000       0.0000
      85       0.0000       0.0000       0.0000       0.0000       0.0000       0.0000       0.0000
      86       0.0000       0.0000       0.0000       0.0000       0.0000       0.0000       0.0042
      87       0.0000       0.0000       0.0000       0.0000       0.0000       0.0000       0.0282
      88       0.0000       0.0000       0.0000       0.0000       0.0000       0.0451       0.0988
      89       0.0000       0.0000       0.0000       0.0000       0.0000       0.0451       0.0464
      90       0.0000       0.0006       0.0000       0.0000       0.0000       0.0000       0.6634
      91       0.0000       0.0000       0.0000       0.0000       0.0000       0.0000       0.0000
      92       0.0000       0.0000       0.0000       0.0000       0.0000       0.0039       0.0189
      93       0.0000       0.0577       0.0000       0.0000       0.0000       0.0039       0.0017
      94       0.0000       0.0121       0.0000       0.0000       0.0000       0.0001       0.9874
      95       0.0000       0.0371       0.0000       0.0000       0.0000       0.8602       0.1027
      96       0.0000       0.0000       0.0000       0.0000       0.0000       0.8926       0.1053
      97       0.0000       0.9989       0.0000       0.0000       0.0000       0.0000       0.0000
      98       0.0000       1.0000       0.0000       0.0000       0.0000       0.0000       0.0000
      99       0.0000       1.0000       0.0000       0.0000       0.0000       0.0000       0.0000
     100       0.0000       0.9967       0.0000       0.0000       0.0000       0.0000       0.0000
     101       0.0000       0.0027       0.0000       0.0000       0.0000       0.0000       0.0000
     102       0.0000       0.0517       0.0000       0.0000       0.0000       0.0000       0.0000
     103       0.0000       0.0968       0.0000       0.0001       0.0000       0.0001       0.2753
     104       0.0000       0.0658       0.0000       0.0001       0.0000       0.0989       0.8352
     105       0.0000       0.0000       0.0000       0.0001       0.0000       0.8929       0.1070
     106       0.0000       0.0000       0.0000       0.0001       0.0000       0.8921       0.1078
     107       0.0000       0.2266       0.0000       0.0000       0.0000       0.0003       0.0001
     108       0.0000       0.9791       0.0000       0.0000       0.0000       0.0000       0.0001
     109       0.0000       0.0000       0.0000       0.0000       0.0000       0.0000       0.2187
     110       0.0000       0.0000       0.0000       0.0000       0.0000       0.0000       0.9997
     111       0.0000       0.0022       0.0000       0.0000       0.0000       0.0000       0.0004
     112       0.0000       0.9963       0.0000       0.0000       0.0000       0.0000       0.0000
     113       0.0000       1.0000       0.0000       0.0000       0.0000       0.0000       0.0000
     114       0.0000       1.0000       0.0000       0.0000       0.0000       0.0000       0.0000
     115       0.0000       0.9968       0.0000       0.0000       0.0000       0.0000       0.0000
     116       0.0000       0.0373       0.0000       0.0000       0.0000       0.0000       0.8382
     117       0.0000       0.0121       0.0000       0.0000       0.0000       0.0000       0.9879
     118       0.0000       0.0577       0.0000       0.0000       0.0000       0.0000       0.0000
     119       0.0000       0.0000       0.0000       0.0000       0.0000       0.0000       0.0000
     120       0.0000       0.0000       0.9554       0.0000       0.0000       0.0441       0.0001
     121       0.0000       0.0000       0.9554       0.0000       0.0000       0.0446       0.0000
     122       0.0000       0.0000       0.9554       0.0000       0.0000       0.0142       0.0298
     123       0.0264       0.0000       0.0000       0.0000       0.0000       0.9727       0.0002
     124       0.0000       0.0000       0.0000       0.0000       0.0000       0.9991       0.0009
     125       0.0000       0.0000       0.0000       0.0000       0.0000       0.9940       0.0060
     126       0.0264       0.0005       0.0000       0.0000       0.0000       0.0000       0.8827
     127       0.0000       0.9076       0.0000       0.0000       0.0000       0.0000       0.0000
     128       0.0000       0.9776       0.0000       0.0000       0.0000       0.0000       0.0000
     129       0.0000       0.0000       0.0000       0.0000       0.0000       0.0000       0.0000
     130       0.0000       1.0000       0.0000       0.0000       0.0000       0.0000       0.0000
     131       0.0000       1.0000       0.0000       0.0000       0.0000       0.0000       0.0000
     132       0.0000       0.9973       0.0000       0.0000       0.0000       0.0000       0.0000
     133       0.0000       0.0000       0.0000       0.0000       0.0000       0.0000       0.6369
     134       0.0000       0.9402       0.0000       0.0000       0.0000       0.0000       0.0598
     135       0.0000       0.0000       0.0000       0.0000       0.0000       0.0000       0.0000
     136       0.0000       0.0000       0.0042       0.9787       0.0000       0.0158       0.0003
     137       0.0000       0.0000       0.0042       0.9918       0.0000       0.0040       0.0000
     138       0.0000       0.0000       0.0042       0.9952       0.0000       0.0006       0.0000
     139       0.0000       0.0000       0.0000       0.9994       0.0000       0.0006       0.0000
     140       0.0000       0.0000       0.0068       0.9833       0.0000       0.0096       0.0003
     141       0.0000       0.0000       0.0229       0.9636       0.0000       0.0119       0.0011
     142       0.0000       0.0000       0.0676       0.9138       0.0000       0.0158       0.0013
     143       0.0000       0.0000       0.3630       0.5788       0.0000       0.0573       0.0009
     144       0.0000       0.0000       0.3628       0.2147       0.0000       0.4225       0.0000
     145       0.0000       0.0000       0.3471       0.1431       0.0000       0.4888       0.0210
     146       0.0000       0.0162       0.0000       0.0000       0.0000       0.0000       0.0415
     147       0.0000       0.0005       0.0000       0.0000       0.0000       0.0000       0.0000
     148       0.0000       0.0000       0.0000       0.0000       0.0000       0.7606       0.2394
     149       0.0000       0.0000       0.0000       0.0000       0.0000       0.7606       0.2394
     150       0.0000       0.0021       0.0000       0.0000       0.0000       0.0007       0.4293
     151       0.0000       0.1376       0.0000       0.0000       0.0000       0.0000       0.0054
     152       0.0000       0.0162       0.0000       0.0000       0.0000       0.0000       0.0000
     153       0.0000       0.0000       0.0000       0.0000       0.0000       0.0000       0.9667
     154       0.0000       0.0000       0.0000       0.0000       0.0000       0.0000       0.9982
     155       0.0000       0.0000       0.0000       0.0000       0.0000       0.0000       0.0000
     156       0.0000       0.8604       0.0000       0.0000       0.0000       0.0000       0.0000
     157       0.0000       1.0000       0.0000       0.0000       0.0000       0.0000       0.0000
     158       0.0000       0.9851       0.0000       0.0000       0.0000       0.0000       0.0000
     159       0.0000       0.0000       0.0000       0.0000       0.0000       0.0000       0.1162
     160       0.0000       0.9802       0.0000       0.0000       0.0000       0.0000       0.0066
     161       0.0000       0.9995       0.0000       0.0000       0.0000       0.0000       0.0000
     162       0.0000       0.9995       0.0000       0.0000       0.0000       0.0000       0.0000
     163       0.0000       0.9911       0.0000       0.0000       0.0000       0.0000       0.0001
     164       0.0000       0.3462       0.0000       0.0000       0.0000       0.0000       0.0000
     165       0.0000       0.0154       0.0000       0.0000       0.0000       0.0000       0.0000
